86 0.352083 0.356667 0.240278 0.173333
309 0.200694 0.493889 0.168056 0.118889
141 0.336806 0.572222 0.204167 0.277778
95 0.286806 0.282222 0.241667 0.257778
223 0.469444 0.564444 0.173611 0.257778
255 0.395139 0.186667 0.152778 0.220000
187 0.491319 0.510556 0.193750 0.236667
188 0.615278 0.561111 0.269444 0.262222
146 0.397569 0.363889 0.192361 0.192222
235 0.199306 0.483333 0.177778 0.251111
227 0.159028 0.422222 0.144444 0.273333
264 0.218056 0.193889 0.200000 0.116667
84 0.308333 0.113333 0.212500 0.168889
76 0.572917 0.495556 0.486111 0.266667
53 0.385764 0.474444 0.189583 0.100000
60 0.210764 0.320000 0.199306 0.095556
257 0.200694 0.462778 0.222222 0.167778
224 0.542708 0.368333 0.165972 0.234444
269 0.285069 0.173333 0.218750 0.195556