47 0.305208 0.356111 0.188194 0.110000
36 0.418056 0.237778 0.243056 0.077778
277 0.692014 0.218889 0.490972 0.222222
293 0.573958 0.415556 0.445139 0.095556
101 0.167361 0.335000 0.140278 0.132222
104 0.516667 0.393889 0.226389 0.141111
123 0.272569 0.218333 0.275694 0.216667
178 0.463889 0.492222 0.202778 0.275556
82 0.309028 0.508889 0.205556 0.242222
311 0.555903 0.132778 0.222917 0.125556
91 0.387500 0.525000 0.150000 0.247778
258 0.202778 0.330556 0.276389 0.183333
281 0.474306 0.209444 0.287500 0.194444
55 0.180903 0.409444 0.195139 0.094444
245 0.209375 0.238333 0.189583 0.272222
10 0.348611 0.268889 0.380556 0.197778
113 0.479861 0.207778 0.188889 0.251111
26 0.548611 0.458889 0.097222 0.048889
310 0.620486 0.193889 0.231250 0.121111
46 0.311458 0.120556 0.274306 0.094444
5 0.252778 0.213333 0.397222 0.080000
51 0.573611 0.333889 0.230556 0.103333
107 0.561111 0.488333 0.181944 0.227778