171 0.161458 0.217778 0.164583 0.233333
15 0.306944 0.408889 0.097222 0.048889
169 0.588542 0.296667 0.274306 0.173333
289 0.704861 0.346667 0.491667 0.197778
195 0.122569 0.360556 0.163194 0.252222
110 0.238889 0.326667 0.173611 0.264444
256 0.571528 0.287778 0.200000 0.206667
142 0.492014 0.321111 0.178472 0.140000
54 0.310069 0.126667 0.210417 0.102222
50 0.180208 0.375556 0.189583 0.093333
118 0.426389 0.547222 0.169444 0.225556
141 0.472569 0.147222 0.231250 0.245556
64 0.514583 0.572222 0.222222 0.422222
215 0.394097 0.486667 0.206250 0.253333
77 0.734722 0.545556 0.486111 0.266667
266 0.603125 0.321667 0.246528 0.230000
175 0.210417 0.421111 0.097222 0.048889
243 0.206944 0.350556 0.208333 0.156667
122 0.257292 0.538889 0.175694 0.211111
227 0.562500 0.222222 0.161111 0.173333
270 0.390278 0.545556 0.254167 0.260000
134 0.316319 0.270556 0.186806 0.207778
232 0.244097 0.547778 0.235417 0.251111