167 0.317361 0.436111 0.201389 0.230000
0 0.845139 0.117778 1.000000 0.066667
24 0.438889 0.436667 0.097222 0.048889
92 0.235764 0.539444 0.209028 0.221111
257 0.443056 0.396111 0.270833 0.234444
133 0.410417 0.216667 0.187500 0.233333
219 0.299306 0.053333 0.097222 0.048889
161 0.551042 0.353889 0.206250 0.183333
13 0.663889 0.319444 0.329167 0.161111
88 0.239583 0.126111 0.245833 0.130000
132 0.587847 0.411667 0.264583 0.141111
282 0.312153 0.224444 0.414583 0.155556
308 0.306597 0.259444 0.150694 0.174444
249 0.591667 0.471111 0.163889 0.253333
258 0.422917 0.142778 0.173611 0.198889
208 0.218750 0.185556 0.262500 0.231111
100 0.589583 0.443889 0.218056 0.247778