251 0.526736 0.131111 0.165972 0.131111
307 0.104514 0.445000 0.154861 0.145556
238 0.420486 0.265556 0.156250 0.262222
207 0.343056 0.468889 0.222222 0.422222
212 0.324306 0.391111 0.161111 0.180000
55 0.133681 0.084444 0.175694 0.093333
191 0.278125 0.247222 0.197917 0.254444
38 0.359722 0.413333 0.243056 0.077778
245 0.498958 0.106667 0.256250 0.111111
94 0.188542 0.451111 0.229861 0.213333
206 0.324306 0.257778 0.243056 0.077778
98 0.260069 0.235000 0.182639 0.207778
61 0.217014 0.290556 0.247917 0.085556
99 0.194444 0.185000 0.211111 0.130000
158 0.361111 0.273333 0.347222 0.388889
13 0.747917 0.239444 0.494444 0.207778
266 0.238542 0.258333 0.143750 0.216667
178 0.609028 0.281111 0.241667 0.166667
273 0.143056 0.274444 0.177778 0.151111
297 0.686111 0.099444 0.518056 0.085556
97 0.280208 0.195000 0.192361 0.152222