34 0.476389 0.060000 0.097222 0.048889
240 0.540278 0.132222 0.138889 0.220000
138 0.588542 0.367222 0.163194 0.221111
50 0.198958 0.214444 0.260417 0.106667
287 0.213194 0.396667 0.323611 0.215556
315 0.578125 0.246111 0.271528 0.190000
11 0.382986 0.309444 0.418750 0.094444
96 0.549653 0.317222 0.145139 0.178889
278 0.220833 0.445000 0.327778 0.170000
304 0.112847 0.475556 0.154861 0.266667
227 0.368403 0.259444 0.193750 0.152222
84 0.185417 0.352778 0.166667 0.138889
184 0.416667 0.145556 0.169444 0.191111
200 0.252778 0.204444 0.097222 0.048889
254 0.333681 0.086667 0.250694 0.111111