138 0.254861 0.129444 0.179167 0.201111
117 0.150347 0.490000 0.232639 0.188889
151 0.469097 0.263889 0.220139 0.156667
160 0.196875 0.367222 0.263194 0.216667
301 0.209722 0.456111 0.190278 0.190000
26 0.193056 0.451111 0.097222 0.048889
300 0.705556 0.543333 0.486111 0.266667
185 0.632986 0.154444 0.265972 0.231111
298 0.424653 0.217222 0.334028 0.192222
63 0.569444 0.331111 0.222222 0.422222
205 0.338542 0.432222 0.200694 0.184444
229 0.389583 0.450556 0.277778 0.123333
176 0.323958 0.466111 0.145139 0.267778
123 0.256944 0.322778 0.147222 0.132222
159 0.517361 0.200556 0.169444 0.250000
305 0.622569 0.209444 0.236806 0.203333
297 0.445139 0.482222 0.463889 0.108889
213 0.591319 0.301111 0.218750 0.133333
223 0.203125 0.350556 0.202083 0.112222
47 0.344792 0.087222 0.267361 0.067778
122 0.409375 0.215000 0.156250 0.192222
109 0.208333 0.413333 0.168056 0.228889
56 0.354167 0.386111 0.208333 0.103333
66 0.522917 0.286667 0.222222 0.422222
107 0.360417 0.555000 0.222222 0.254444