18 0.445139 0.258333 0.475000 0.185556
164 0.291667 0.186111 0.269444 0.172222
269 0.470833 0.343333 0.188889 0.197778
42 0.362500 0.297778 0.243056 0.077778
58 0.543750 0.096111 0.223611 0.105556
147 0.217361 0.427778 0.334722 0.535556
223 0.451042 0.344444 0.185417 0.180000
213 0.554167 0.156667 0.270833 0.211111
36 0.154167 0.368889 0.243056 0.077778
268 0.147917 0.420556 0.184722 0.207778
125 0.232292 0.197778 0.256250 0.184444
149 0.258333 0.583333 0.252778 0.404444
85 0.346875 0.237222 0.175694 0.121111
57 0.489236 0.332222 0.264583 0.080000
246 0.264931 0.385556 0.221528 0.248889
208 0.331944 0.339444 0.159722 0.181111
211 0.351389 0.463889 0.190278 0.150000
3 0.522222 0.300000 1.000000 0.066667
27 0.341667 0.272222 0.097222 0.048889
167 0.314236 0.271111 0.200694 0.208889
201 0.277083 0.453333 0.097222 0.048889