93 0.204861 0.115556 0.194444 0.166667
136 0.510417 0.548889 0.220833 0.257778
182 0.285417 0.300556 0.180556 0.221111
60 0.359722 0.482778 0.230556 0.105556
173 0.427083 0.190000 0.097222 0.048889
298 0.573264 0.370000 0.364583 0.155556
221 0.109722 0.243889 0.190278 0.118889
316 0.475000 0.128889 0.250000 0.202222
43 0.624306 0.290000 0.243056 0.077778
302 0.531597 0.298333 0.234028 0.203333
246 0.518403 0.223889 0.214583 0.163333
231 0.286458 0.117222 0.143750 0.132222
285 0.314583 0.476667 0.518056 0.097778
77 0.396528 0.270000 0.486111 0.266667
134 0.271875 0.225000 0.174306 0.230000
230 0.147222 0.428889 0.222222 0.422222
31 0.377778 0.217222 0.084722 0.045556
214 0.310417 0.374444 0.256944 0.128889
279 0.622569 0.365000 0.538194 0.163333
267 0.147917 0.177778 0.183333 0.166667
215 0.192708 0.477222 0.210417 0.212222
15 0.427083 0.468889 0.097222 0.048889
42 0.372917 0.155556 0.243056 0.077778