230 0.529861 0.441111 0.222222 0.422222
138 0.154514 0.344444 0.199306 0.197778
55 0.339583 0.260000 0.218056 0.071111
133 0.430903 0.263889 0.240972 0.190000
213 0.622569 0.313333 0.261806 0.164444
56 0.393403 0.420556 0.220139 0.074444
131 0.251389 0.294444 0.187500 0.124444
136 0.590625 0.279444 0.264583 0.243333
52 0.293403 0.408333 0.189583 0.103333
123 0.583333 0.159444 0.181944 0.232222
63 0.463889 0.544444 0.222222 0.422222
69 0.327778 0.235556 0.222222 0.422222
17 0.617361 0.112778 0.341667 0.067778
32 0.462847 0.277222 0.120139 0.052222
237 0.229861 0.236667 0.195833 0.240000
266 0.175000 0.286667 0.211111 0.264444
134 0.504514 0.280556 0.277083 0.227778
155 0.434722 0.535556 0.347222 0.388889
164 0.514236 0.204444 0.192361 0.255556
186 0.504861 0.292778 0.170833 0.203333
65 0.262500 0.247778 0.222222 0.422222