274 0.594792 0.366111 0.193750 0.245556
299 0.461806 0.185556 0.241667 0.211111
265 0.226736 0.251667 0.213194 0.265556
189 0.569097 0.322778 0.232639 0.238889
224 0.211458 0.530000 0.196528 0.222222
7 0.427083 0.420000 0.173611 0.555556
93 0.466319 0.157222 0.243750 0.265556
95 0.539236 0.156111 0.211806 0.234444
235 0.484722 0.398889 0.165278 0.168889
69 0.183333 0.375556 0.222222 0.422222
131 0.614583 0.297778 0.272222 0.173333
300 0.547222 0.360000 0.486111 0.266667
172 0.531250 0.173889 0.276389 0.245556
298 0.645486 0.453889 0.434028 0.214444
146 0.373611 0.205000 0.154167 0.210000
36 0.251389 0.135556 0.243056 0.077778
68 0.463194 0.328889 0.222222 0.422222
79 0.362153 0.180000 0.235417 0.275556
246 0.629861 0.236111 0.272222 0.234444
206 0.277778 0.412222 0.243056 0.077778
9 0.203472 0.485556 0.173611 0.555556
129 0.475347 0.303333 0.229861 0.248889
177 0.525694 0.471111 0.241667 0.186667