24 0.147222 0.320000 0.097222 0.048889
289 0.645833 0.390000 0.443056 0.066667
110 0.152083 0.424444 0.276389 0.240000
101 0.469792 0.342778 0.265972 0.152222
35 0.401389 0.180000 0.097222 0.048889
43 0.327083 0.434444 0.243056 0.077778
194 0.573611 0.370000 0.231944 0.271111
218 0.286111 0.132222 0.201389 0.197778
243 0.505556 0.541667 0.187500 0.227778
210 0.128472 0.541111 0.170833 0.255556
61 0.123611 0.147778 0.191667 0.093333
240 0.581250 0.514444 0.262500 0.177778
147 0.240278 0.415556 0.334722 0.535556
206 0.297222 0.397778 0.243056 0.077778
282 0.412500 0.501667 0.454167 0.221111
107 0.531944 0.238889 0.250000 0.193333