234 0.285764 0.361667 0.272917 0.123333
191 0.214236 0.267778 0.142361 0.231111
129 0.127431 0.255000 0.200694 0.256667
306 0.397569 0.337778 0.156250 0.240000
151 0.224653 0.316111 0.190972 0.270000
139 0.183681 0.333889 0.179861 0.203333
141 0.287153 0.230556 0.146528 0.154444
274 0.524306 0.137222 0.268056 0.167778
159 0.559722 0.505000 0.211111 0.265556
206 0.423611 0.400000 0.243056 0.077778
127 0.504167 0.252222 0.162500 0.204444
179 0.297569 0.207778 0.207639 0.246667
182 0.546181 0.451111 0.217361 0.246667
92 0.531250 0.129444 0.275000 0.154444
27 0.084028 0.075556 0.097222 0.048889
256 0.267361 0.507222 0.152778 0.190000
78 0.193750 0.402222 0.251389 0.268889