276 0.662500 0.295000 0.351389 0.150000
289 0.544444 0.326667 0.516667 0.115556
255 0.187153 0.123889 0.243750 0.150000
58 0.471875 0.367222 0.196528 0.087778
71 0.132292 0.563333 0.165972 0.271111
65 0.356944 0.422222 0.222222 0.422222
55 0.266319 0.220556 0.222917 0.105556
247 0.459375 0.414444 0.193750 0.168889
284 0.698264 0.486667 0.540972 0.146667
296 0.350694 0.245000 0.455556 0.083333
192 0.568056 0.190556 0.276389 0.132222
246 0.263889 0.519444 0.165278 0.198889
118 0.555556 0.292222 0.245833 0.197778
292 0.717708 0.138333 0.434028 0.085556
3 0.863889 0.471111 1.000000 0.066667
216 0.564583 0.110000 0.169444 0.128889
144 0.563889 0.265556 0.225000 0.177778
40 0.455556 0.322222 0.243056 0.077778
274 0.331944 0.253889 0.273611 0.274444