255 0.393056 0.244444 0.187500 0.175556
312 0.153125 0.380000 0.253472 0.113333
183 0.268403 0.388333 0.164583 0.250000
88 0.397917 0.378889 0.206944 0.273333
92 0.427083 0.399444 0.272222 0.185556
235 0.435764 0.230000 0.231250 0.242222
211 0.461111 0.151667 0.190278 0.121111
146 0.237153 0.453333 0.215972 0.175556
243 0.484028 0.490000 0.206944 0.126667
264 0.278125 0.132222 0.238194 0.133333
57 0.600347 0.219444 0.250694 0.098889
174 0.442361 0.067778 0.097222 0.048889
272 0.276042 0.512222 0.186806 0.153333
76 0.281250 0.515556 0.486111 0.266667
299 0.157292 0.263333 0.182639 0.226667