115 0.463889 0.327778 0.166667 0.273333
168 0.526389 0.310556 0.227778 0.123333
76 0.257639 0.268889 0.486111 0.266667
224 0.220139 0.505556 0.256944 0.260000
218 0.164236 0.394444 0.165972 0.128889
264 0.150000 0.222778 0.198611 0.176667
228 0.160417 0.454444 0.220833 0.182222
194 0.491667 0.514444 0.277778 0.191111
236 0.619444 0.412222 0.255556 0.222222
9 0.584028 0.676667 0.173611 0.555556
111 0.485764 0.304444 0.253472 0.148889
13 0.555556 0.501667 0.519444 0.145556
85 0.439931 0.215000 0.259028 0.136667
203 0.585417 0.313889 0.165278 0.230000
145 0.336458 0.158333 0.172917 0.150000
45 0.459375 0.482778 0.240972 0.103333
314 0.157292 0.432222 0.247917 0.155556
91 0.435764 0.531111 0.225694 0.220000
147 0.272917 0.306667 0.334722 0.535556
163 0.250347 0.461111 0.247917 0.242222
274 0.577431 0.457778 0.228472 0.177778
164 0.531250 0.183333 0.173611 0.264444
128 0.284028 0.303889 0.156944 0.118889