153 0.206944 0.362222 0.347222 0.388889
56 0.312153 0.441111 0.211806 0.104444
238 0.462500 0.370000 0.151389 0.177778
97 0.611806 0.266111 0.195833 0.243333
85 0.194444 0.457222 0.186111 0.267778
269 0.416319 0.253889 0.225694 0.203333
281 0.243403 0.426667 0.309028 0.206667
173 0.434028 0.052222 0.097222 0.048889
24 0.069444 0.385556 0.097222 0.048889
255 0.358333 0.101667 0.245833 0.123333
172 0.229167 0.110000 0.190278 0.120000
132 0.131944 0.407222 0.201389 0.150000
143 0.340278 0.448889 0.240278 0.128889
127 0.160417 0.507778 0.138889 0.200000
259 0.575694 0.382778 0.147222 0.170000
227 0.100694 0.465000 0.158333 0.178889
274 0.587500 0.493333 0.219444 0.200000
271 0.303125 0.303889 0.225694 0.258889
41 0.304167 0.197778 0.243056 0.077778
148 0.558681 0.357778 0.236806 0.231111
119 0.114236 0.136111 0.160417 0.127778