197 0.469444 0.176111 0.183333 0.196667
187 0.253125 0.304444 0.153472 0.137778
127 0.442708 0.206667 0.277083 0.135556
302 0.269444 0.485556 0.251389 0.191111
102 0.545139 0.363333 0.444444 0.444444
139 0.199306 0.280556 0.225000 0.127778
300 0.685417 0.471111 0.486111 0.266667
5 0.392708 0.272778 0.386806 0.116667
231 0.196181 0.336111 0.234028 0.196667
286 0.636458 0.423333 0.524306 0.086667
82 0.245139 0.196111 0.190278 0.261111
112 0.612500 0.165000 0.234722 0.247778
269 0.143056 0.466111 0.250000 0.194444
22 0.264583 0.232222 0.033333 0.053333
45 0.357986 0.175556 0.222917 0.068889