313 0.376389 0.463889 0.205556 0.143333
91 0.387153 0.378333 0.189583 0.234444
141 0.271181 0.506667 0.159028 0.268889
56 0.504514 0.218889 0.272917 0.066667
314 0.404514 0.364444 0.192361 0.211111
291 0.446528 0.235556 0.462500 0.124444
239 0.284722 0.244444 0.227778 0.188889
86 0.175694 0.440556 0.256944 0.190000
294 0.227083 0.317778 0.394444 0.195556
67 0.240972 0.426667 0.222222 0.422222
72 0.236111 0.466667 0.276389 0.255556
286 0.545139 0.316667 0.518056 0.184444
93 0.551736 0.294444 0.175694 0.213333
33 0.545833 0.206667 0.097222 0.048889
301 0.368750 0.475000 0.161111 0.130000
198 0.348264 0.240556 0.157639 0.252222
270 0.468056 0.363333 0.159722 0.262222
134 0.388194 0.392222 0.266667 0.124444
65 0.460417 0.497778 0.222222 0.422222
176 0.345833 0.238333 0.248611 0.172222
136 0.394792 0.455556 0.229861 0.124444