275 0.601389 0.450000 0.283333 0.144444
143 0.340972 0.289444 0.243056 0.198889
96 0.585069 0.142222 0.193750 0.142222
109 0.172569 0.271667 0.234028 0.185556
103 0.431597 0.142778 0.168750 0.121111
221 0.503125 0.191667 0.228472 0.272222
204 0.308681 0.254444 0.143750 0.184444
233 0.297569 0.482778 0.163194 0.203333
314 0.452431 0.350000 0.200694 0.213333
200 0.553472 0.450000 0.097222 0.048889
21 0.503472 0.431111 0.097222 0.048889
80 0.579861 0.540000 0.265278 0.262222
239 0.197917 0.488889 0.161111 0.264444
247 0.559375 0.368333 0.257639 0.218889
15 0.404861 0.442222 0.097222 0.048889
276 0.334375 0.400556 0.375694 0.207778
171 0.540625 0.510556 0.204861 0.141111
192 0.167708 0.422778 0.239583 0.250000