205 0.364931 0.221667 0.206250 0.250000
145 0.464931 0.158333 0.142361 0.154444
76 0.504861 0.173333 0.486111 0.266667
0 0.748611 0.457778 1.000000 0.066667
197 0.480208 0.287222 0.177083 0.247778
93 0.368403 0.263333 0.178472 0.255556
38 0.300000 0.204444 0.243056 0.077778
209 0.387847 0.380000 0.188194 0.268889
214 0.301389 0.516667 0.243056 0.237778
81 0.337500 0.536111 0.172222 0.267778
212 0.145833 0.457778 0.202778 0.264444
91 0.511458 0.398889 0.139583 0.268889
29 0.312500 0.351667 0.093056 0.047778
202 0.340972 0.133333 0.266667 0.151111
126 0.315625 0.237222 0.179861 0.250000
206 0.344444 0.393333 0.243056 0.077778
179 0.388194 0.351667 0.168056 0.130000
192 0.463889 0.243333 0.175000 0.168889
299 0.571528 0.249444 0.200000 0.130000
51 0.219792 0.140556 0.184028 0.076667
257 0.236458 0.258889 0.277083 0.115556
40 0.265278 0.164444 0.243056 0.077778
61 0.413194 0.137778 0.186111 0.111111
157 0.280556 0.452222 0.347222 0.388889
31 0.476042 0.056111 0.118750 0.050000