166 0.311458 0.287778 0.260417 0.220000
254 0.594444 0.238889 0.268056 0.217778
139 0.252778 0.169444 0.201389 0.276667
91 0.143056 0.400000 0.170833 0.202222
17 0.620833 0.467778 0.279167 0.193333
237 0.413542 0.422778 0.259028 0.243333
126 0.483681 0.292778 0.196528 0.203333
61 0.367708 0.101111 0.211806 0.093333
310 0.406250 0.162222 0.211111 0.273333
134 0.326736 0.505556 0.242361 0.124444
155 0.447222 0.377778 0.347222 0.388889
251 0.534375 0.495556 0.157639 0.184444
83 0.338889 0.090556 0.195833 0.134444
248 0.595139 0.242778 0.216667 0.247778
69 0.178472 0.514444 0.222222 0.422222
173 0.281944 0.290000 0.097222 0.048889
281 0.402431 0.332778 0.293750 0.118889
269 0.232292 0.484444 0.221528 0.217778
80 0.179514 0.149444 0.159028 0.250000
142 0.296528 0.360000 0.158333 0.124444
182 0.618750 0.167222 0.263889 0.150000