121 0.345833 0.387222 0.155556 0.241111
154 0.617361 0.306667 0.347222 0.388889
115 0.403125 0.227778 0.165972 0.262222
167 0.479167 0.411667 0.212500 0.112222
41 0.369444 0.171111 0.243056 0.077778
158 0.402083 0.288889 0.347222 0.388889
228 0.455903 0.206111 0.164583 0.172222
91 0.370139 0.482778 0.275000 0.227778
101 0.514931 0.233889 0.277083 0.114444
113 0.439583 0.282778 0.193056 0.270000
291 0.631597 0.085000 0.322917 0.067778
204 0.171875 0.308333 0.190972 0.225556
61 0.564931 0.173889 0.189583 0.081111