310 0.119444 0.106667 0.194444 0.144444
278 0.563542 0.132778 0.309028 0.161111
141 0.139236 0.117778 0.164583 0.133333
241 0.304167 0.146111 0.270833 0.207778
283 0.578819 0.430000 0.295139 0.157778
115 0.358681 0.480000 0.215972 0.157778
260 0.234028 0.232778 0.201389 0.183333
129 0.256597 0.495556 0.246528 0.151111
171 0.603125 0.382778 0.245139 0.190000
7 0.555556 0.360000 0.173611 0.555556
94 0.310069 0.480000 0.140972 0.122222
291 0.506250 0.128333 0.331944 0.178889
26 0.375000 0.101111 0.097222 0.048889
179 0.358333 0.117778 0.180556 0.160000
19 0.386111 0.232222 0.097222 0.048889
83 0.535764 0.246667 0.249306 0.126667
203 0.328125 0.400000 0.185417 0.253333
36 0.367361 0.303333 0.243056 0.077778
304 0.148611 0.358333 0.237500 0.243333
138 0.267708 0.192222 0.188194 0.182222