26 0.137500 0.332222 0.097222 0.048889
165 0.430208 0.483889 0.142361 0.221111
270 0.564236 0.178889 0.254861 0.257778
9 0.407639 0.600000 0.173611 0.555556
243 0.403472 0.281111 0.151389 0.133333
247 0.099653 0.428889 0.154861 0.211111
107 0.311458 0.345556 0.142361 0.124444
85 0.135069 0.416111 0.190972 0.241111
4 0.222222 0.222222 0.280556 0.066667
52 0.405556 0.077778 0.277778 0.093333
291 0.396528 0.479444 0.431944 0.201111
89 0.343056 0.103889 0.262500 0.116667
287 0.277431 0.413333 0.334028 0.211111
220 0.176389 0.115000 0.255556 0.118889
298 0.772917 0.499444 0.529167 0.183333
210 0.340972 0.455556 0.201389 0.155556
97 0.615625 0.141111 0.250694 0.124444
134 0.256944 0.311667 0.262500 0.236667
132 0.589236 0.575556 0.242361 0.275556
301 0.419792 0.461667 0.177083 0.116667