245 0.185764 0.352222 0.211806 0.142222
112 0.343403 0.437222 0.239583 0.274444
62 0.227778 0.291111 0.243056 0.077778
217 0.492361 0.556111 0.186111 0.227778
136 0.352778 0.512222 0.256944 0.213333
173 0.488194 0.462222 0.097222 0.048889
140 0.202431 0.302222 0.227083 0.255556
204 0.401042 0.455000 0.170139 0.256667
124 0.613194 0.385000 0.275000 0.203333
54 0.305208 0.415556 0.250694 0.077778
164 0.638889 0.458333 0.256944 0.261111
5 0.275347 0.282222 0.415972 0.073333
80 0.322222 0.531111 0.276389 0.240000
270 0.506944 0.460000 0.230556 0.204444
226 0.337500 0.397778 0.097222 0.048889
23 0.231250 0.382222 0.033333 0.053333
0 0.620139 0.094444 1.000000 0.066667