132 0.205903 0.160000 0.195139 0.191111
4 0.645833 0.270556 0.447222 0.218889
112 0.504514 0.467778 0.161806 0.131111
253 0.272569 0.182222 0.195139 0.240000
71 0.613889 0.331667 0.233333 0.265556
8 0.420833 0.602222 0.173611 0.555556
257 0.411111 0.196111 0.252778 0.261111
155 0.576389 0.477778 0.347222 0.388889
299 0.365625 0.457778 0.225694 0.248889
128 0.223958 0.303333 0.232639 0.157778
133 0.197569 0.506667 0.174306 0.262222
26 0.072917 0.374444 0.097222 0.048889
43 0.635417 0.076667 0.243056 0.077778
68 0.572917 0.427778 0.222222 0.422222
184 0.566319 0.267222 0.189583 0.185556
300 0.641667 0.557778 0.486111 0.266667