160 0.133333 0.159444 0.222222 0.183333
279 0.413194 0.224444 0.454167 0.217778
161 0.584028 0.299444 0.255556 0.245556
158 0.429861 0.624444 0.347222 0.388889
292 0.721181 0.241667 0.492361 0.110000
209 0.556944 0.465000 0.172222 0.234444
242 0.240625 0.559444 0.229861 0.276667
74 0.634028 0.447778 0.486111 0.266667
72 0.416319 0.565556 0.161806 0.248889
46 0.422569 0.111667 0.247917 0.107778
299 0.173611 0.506111 0.201389 0.123333
109 0.462847 0.095000 0.165972 0.143333
139 0.603125 0.536111 0.272917 0.263333
137 0.227431 0.270000 0.147917 0.211111
40 0.261806 0.135556 0.243056 0.077778
249 0.435764 0.360000 0.175694 0.166667
130 0.544097 0.115556 0.163194 0.131111
135 0.573611 0.488889 0.190278 0.248889
175 0.069444 0.210000 0.097222 0.048889
248 0.197917 0.414444 0.198611 0.257778
304 0.528819 0.468889 0.275694 0.277778