239 0.236458 0.389444 0.202083 0.207778
226 0.172222 0.290000 0.097222 0.048889
129 0.414931 0.377778 0.217361 0.217778
259 0.619444 0.249444 0.266667 0.276667
80 0.345139 0.291667 0.194444 0.252222
184 0.529861 0.214444 0.230556 0.224444
77 0.622917 0.513333 0.486111 0.266667
177 0.252778 0.159444 0.226389 0.227778
103 0.620139 0.211111 0.261111 0.131111
171 0.218056 0.238333 0.169444 0.274444
130 0.248958 0.216111 0.204861 0.170000
135 0.601042 0.487222 0.210417 0.230000
69 0.372222 0.526667 0.222222 0.422222