177 0.157639 0.287778 0.173611 0.235556
1 0.604861 0.102222 1.000000 0.066667
266 0.385069 0.271667 0.140972 0.152222
59 0.306250 0.271667 0.179167 0.098889
248 0.466667 0.513889 0.144444 0.276667
241 0.545486 0.348889 0.152083 0.275556
94 0.570486 0.509444 0.213194 0.214444
255 0.378125 0.385556 0.229861 0.177778
77 0.474306 0.454444 0.486111 0.266667
185 0.266667 0.327778 0.230556 0.186667
118 0.584028 0.263889 0.163889 0.201111
96 0.237500 0.286111 0.175000 0.254444
285 0.729514 0.362778 0.552083 0.087778
284 0.477083 0.482222 0.379167 0.213333
299 0.280903 0.334444 0.260417 0.155556
52 0.529861 0.380000 0.197222 0.068889