234 0.348958 0.184444 0.228472 0.244444
20 0.529861 0.143333 0.097222 0.048889
110 0.597222 0.372778 0.259722 0.167778
48 0.626389 0.482778 0.261111 0.103333
35 0.120833 0.070000 0.097222 0.048889
314 0.576389 0.147778 0.188889 0.217778
302 0.647569 0.304444 0.268750 0.146667
174 0.134722 0.162222 0.097222 0.048889
84 0.542708 0.506667 0.204861 0.215556
78 0.146528 0.180000 0.140278 0.211111
219 0.377778 0.111111 0.097222 0.048889
277 0.473958 0.448333 0.461806 0.154444
197 0.576042 0.388889 0.259028 0.211111
160 0.165625 0.369444 0.192361 0.276667
194 0.152431 0.282222 0.214583 0.111111
77 0.381944 0.194444 0.486111 0.266667
228 0.367708 0.366667 0.222917 0.222222
150 0.125347 0.205000 0.171528 0.121111
239 0.254167 0.157778 0.206944 0.268889