152 0.507986 0.277222 0.171528 0.145556
111 0.520833 0.216111 0.238889 0.116667
6 0.541667 0.197778 0.493056 0.186667
117 0.257292 0.334444 0.153472 0.233333
221 0.225694 0.111111 0.148611 0.151111
296 0.587153 0.435556 0.553472 0.106667
275 0.253819 0.178333 0.286806 0.196667
49 0.291667 0.141667 0.193056 0.090000
107 0.375000 0.322778 0.200000 0.270000
38 0.218056 0.102222 0.243056 0.077778
77 0.672222 0.281111 0.486111 0.266667
249 0.181597 0.203889 0.213194 0.201111
18 0.445833 0.487778 0.429167 0.182222
13 0.192014 0.192222 0.350694 0.113333
69 0.615278 0.538889 0.222222 0.422222
291 0.271528 0.367778 0.350000 0.175556
223 0.469444 0.102222 0.233333 0.133333
26 0.351389 0.327778 0.097222 0.048889
127 0.519792 0.308889 0.225694 0.224444