249 0.278125 0.206111 0.202083 0.123333
225 0.122917 0.171111 0.097222 0.048889
185 0.145486 0.152778 0.143750 0.134444
268 0.593750 0.158333 0.255556 0.145556
309 0.473611 0.158333 0.200000 0.156667
12 0.736111 0.363889 0.525000 0.147778
31 0.248264 0.130556 0.121528 0.052222
244 0.552083 0.465000 0.143056 0.127778
56 0.525347 0.477222 0.239583 0.083333
204 0.272917 0.258889 0.225000 0.137778
35 0.181250 0.243333 0.097222 0.048889
258 0.414236 0.370556 0.268750 0.272222
220 0.140278 0.551667 0.234722 0.272222
147 0.522917 0.543333 0.334722 0.535556
224 0.492014 0.493333 0.165972 0.124444
200 0.431944 0.263333 0.097222 0.048889
206 0.361111 0.281111 0.243056 0.077778
223 0.237153 0.282222 0.210417 0.166667
69 0.323611 0.292222 0.222222 0.422222