223 0.298611 0.392222 0.148611 0.148889
58 0.192014 0.183333 0.228472 0.068889
85 0.335069 0.297222 0.277083 0.165556
72 0.275694 0.298333 0.244444 0.247778
276 0.616319 0.151667 0.300694 0.207778
150 0.166667 0.138333 0.176389 0.154444
80 0.281597 0.200000 0.246528 0.140000
83 0.300347 0.555556 0.277083 0.237778
172 0.106597 0.332222 0.146528 0.233333
86 0.414583 0.226667 0.158333 0.188889
307 0.314236 0.215556 0.195139 0.211111
293 0.513194 0.443889 0.511111 0.221111
182 0.631250 0.512778 0.243056 0.192222
274 0.293056 0.346667 0.198611 0.144444
228 0.233333 0.483333 0.173611 0.144444
52 0.293750 0.157778 0.272222 0.104444