14 0.681944 0.112778 0.431944 0.118889
222 0.210417 0.345000 0.194444 0.225556
97 0.361111 0.201667 0.155556 0.198889
179 0.179861 0.100556 0.195833 0.134444
9 0.512500 0.722222 0.173611 0.555556
20 0.136111 0.456667 0.097222 0.048889
220 0.487153 0.103889 0.261806 0.123333
65 0.319444 0.645556 0.222222 0.422222
313 0.580208 0.294444 0.150694 0.113333
164 0.257986 0.266667 0.206250 0.166667
236 0.360069 0.433889 0.274306 0.238889
273 0.249306 0.145556 0.138889 0.215556
211 0.614931 0.463889 0.220139 0.176667
303 0.331944 0.262222 0.259722 0.164444