57 0.122917 0.134444 0.193056 0.108889
239 0.219097 0.145000 0.239583 0.198889
312 0.203472 0.455000 0.147222 0.272222
157 0.472917 0.317778 0.347222 0.388889
241 0.142361 0.133889 0.172222 0.183333
229 0.348958 0.460000 0.210417 0.228889
232 0.192014 0.127778 0.238194 0.115556
178 0.500347 0.355000 0.232639 0.225556
235 0.328472 0.260556 0.173611 0.183333
116 0.510764 0.534444 0.181250 0.242222
127 0.473264 0.343333 0.172917 0.117778
104 0.206944 0.348333 0.165278 0.194444
55 0.427083 0.174444 0.216667 0.097778
213 0.129514 0.307222 0.172917 0.243333
280 0.322917 0.282222 0.290278 0.220000
107 0.179514 0.472778 0.220139 0.156667
88 0.464931 0.360556 0.232639 0.174444
258 0.517708 0.411667 0.143750 0.163333
179 0.473611 0.380556 0.231944 0.130000
228 0.595833 0.423889 0.166667 0.125556
300 0.384028 0.221111 0.486111 0.266667
198 0.503472 0.448333 0.202778 0.236667
145 0.281597 0.193333 0.270139 0.160000
149 0.164583 0.637778 0.252778 0.404444
43 0.478472 0.405556 0.243056 0.077778
107 0.537847 0.377222 0.222917 0.138889