124 0.331597 0.512778 0.274306 0.181111
117 0.228125 0.422222 0.146528 0.120000
190 0.356250 0.407222 0.162500 0.156667
39 0.342361 0.158889 0.243056 0.077778
115 0.147222 0.210556 0.259722 0.212222
222 0.154861 0.191111 0.147222 0.140000
203 0.171181 0.410556 0.175694 0.212222
1 0.555556 0.294444 1.000000 0.066667
268 0.323611 0.167778 0.234722 0.253333
244 0.361111 0.530000 0.248611 0.257778
60 0.597569 0.370556 0.250694 0.078889
160 0.308333 0.455000 0.273611 0.223333
151 0.110069 0.306667 0.159028 0.240000