76 0.311806 0.482222 0.486111 0.266667
150 0.122222 0.295000 0.166667 0.147778
128 0.378472 0.451667 0.188889 0.141111
154 0.309722 0.617778 0.347222 0.388889
268 0.380208 0.497222 0.152083 0.165556
302 0.362153 0.453333 0.242361 0.235556
200 0.136806 0.185556 0.097222 0.048889
157 0.568056 0.576667 0.347222 0.388889
125 0.199306 0.248333 0.250000 0.190000
77 0.523611 0.514444 0.486111 0.266667
63 0.237500 0.614444 0.222222 0.422222
16 0.276389 0.091667 0.506944 0.132222
21 0.253472 0.243333 0.097222 0.048889
204 0.371528 0.498333 0.154167 0.196667
315 0.337847 0.553333 0.168750 0.260000
237 0.466319 0.376111 0.215972 0.143333