165 0.589236 0.292778 0.167361 0.178889
131 0.209028 0.324444 0.270833 0.146667
82 0.337500 0.168889 0.259722 0.148889
231 0.333333 0.270000 0.254167 0.228889
226 0.426389 0.290000 0.097222 0.048889
304 0.178472 0.202222 0.144444 0.155556
112 0.367708 0.537222 0.267361 0.272222
42 0.482639 0.215556 0.243056 0.077778
308 0.525000 0.308889 0.241667 0.262222
41 0.138194 0.372222 0.243056 0.077778
281 0.734028 0.156667 0.555556 0.160000
247 0.181597 0.401667 0.160417 0.196667
52 0.565278 0.341111 0.247222 0.108889
141 0.453472 0.440556 0.244444 0.247778
172 0.144444 0.118333 0.198611 0.134444
25 0.480556 0.200000 0.097222 0.048889
53 0.414236 0.228333 0.265972 0.081111