239 0.196528 0.142778 0.188889 0.194444
212 0.427778 0.119444 0.231944 0.150000
161 0.627431 0.198889 0.234028 0.168889
115 0.579861 0.350556 0.233333 0.225556
186 0.227431 0.412778 0.175694 0.132222
291 0.466667 0.450556 0.477778 0.143333
155 0.311806 0.418889 0.347222 0.388889
83 0.540625 0.275556 0.202083 0.171111
294 0.261458 0.349444 0.370139 0.076667
47 0.174306 0.084444 0.225000 0.077778
236 0.257986 0.438333 0.257639 0.147778
164 0.251042 0.259444 0.260417 0.161111
181 0.320486 0.427222 0.210417 0.172222
266 0.222569 0.337778 0.253472 0.111111
103 0.345486 0.317778 0.195139 0.146667
45 0.319444 0.103889 0.200000 0.081111
293 0.198958 0.256667 0.279861 0.220000
117 0.534028 0.399444 0.225000 0.272222
307 0.255903 0.478889 0.238194 0.251111
301 0.603472 0.199444 0.240278 0.243333