228 0.556944 0.245556 0.197222 0.148889
288 0.382292 0.397222 0.335417 0.154444
272 0.510069 0.386111 0.250694 0.272222
162 0.315972 0.411111 0.202778 0.204444
214 0.534722 0.162778 0.263889 0.136667
37 0.320139 0.132222 0.243056 0.077778
60 0.564583 0.273333 0.225000 0.066667
277 0.433681 0.396667 0.470139 0.215556
304 0.131944 0.192222 0.150000 0.220000
265 0.594444 0.553889 0.245833 0.245556
7 0.424306 0.644444 0.173611 0.555556
73 0.264236 0.206111 0.224306 0.134444
165 0.551042 0.156667 0.221528 0.171111
290 0.519097 0.450556 0.360417 0.194444
158 0.297917 0.426667 0.347222 0.388889
6 0.299306 0.138889 0.544444 0.164444
107 0.150000 0.184444 0.173611 0.173333