257 0.483681 0.357222 0.213194 0.267778
157 0.452778 0.474444 0.347222 0.388889
283 0.243056 0.537222 0.427778 0.194444
232 0.252083 0.456111 0.275000 0.125556
211 0.217361 0.501667 0.177778 0.123333
143 0.415972 0.229444 0.208333 0.172222
112 0.163542 0.383333 0.178472 0.144444
145 0.375347 0.467222 0.256250 0.185556
52 0.348958 0.277778 0.275694 0.093333
243 0.332292 0.116667 0.252083 0.148889
233 0.349306 0.394444 0.227778 0.171111
161 0.551042 0.366667 0.179861 0.188889
182 0.238194 0.277778 0.240278 0.217778
122 0.196181 0.427222 0.231250 0.165556
234 0.417014 0.203333 0.145139 0.153333