146 0.198611 0.193889 0.263889 0.236667
19 0.443056 0.252222 0.097222 0.048889
265 0.212153 0.255556 0.257639 0.271111
225 0.380556 0.324444 0.097222 0.048889
296 0.580903 0.332222 0.493750 0.082222
260 0.286806 0.232222 0.229167 0.244444
122 0.124653 0.504444 0.142361 0.255556
6 0.257292 0.142222 0.465972 0.160000
254 0.191667 0.396111 0.177778 0.227778
62 0.565972 0.398889 0.243056 0.077778
29 0.123611 0.198889 0.081944 0.051111
3 0.740278 0.202222 1.000000 0.066667
231 0.347569 0.152778 0.231250 0.112222