28 0.540972 0.243333 0.243056 0.077778
277 0.644444 0.388333 0.473611 0.070000
173 0.193750 0.117778 0.097222 0.048889
234 0.152778 0.138333 0.175000 0.114444
9 0.504167 0.670000 0.173611 0.555556
177 0.430208 0.454444 0.174306 0.208889
294 0.675000 0.227222 0.384722 0.161111
65 0.313194 0.401111 0.222222 0.422222
172 0.114931 0.442222 0.199306 0.191111
201 0.086111 0.216667 0.097222 0.048889
175 0.393056 0.336667 0.097222 0.048889
221 0.190625 0.305000 0.267361 0.176667
191 0.371875 0.166111 0.142361 0.134444
248 0.235069 0.410000 0.260417 0.248889
140 0.530903 0.150556 0.163194 0.201111
147 0.183333 0.363333 0.334722 0.535556
38 0.197917 0.293333 0.243056 0.077778
150 0.193403 0.141667 0.272917 0.121111
239 0.490278 0.498889 0.251389 0.155556
285 0.629861 0.362222 0.318056 0.171111
249 0.298611 0.349444 0.155556 0.134444
82 0.554861 0.379444 0.197222 0.174444
122 0.397569 0.248333 0.181250 0.214444
50 0.269792 0.063889 0.259028 0.070000
54 0.570139 0.116667 0.222222 0.084444