20 0.333333 0.382222 0.097222 0.048889
234 0.553125 0.415556 0.270139 0.251111
145 0.380903 0.307222 0.229861 0.276667
227 0.247917 0.202222 0.208333 0.271111
48 0.453125 0.117222 0.182639 0.107778
206 0.547222 0.322222 0.243056 0.077778
26 0.165278 0.468889 0.097222 0.048889
4 0.736806 0.354444 0.523611 0.208889
139 0.509028 0.201667 0.140278 0.170000
198 0.135764 0.417778 0.146528 0.255556
7 0.584722 0.654444 0.173611 0.555556
220 0.595833 0.166667 0.206944 0.277778
37 0.207639 0.394444 0.243056 0.077778
95 0.269792 0.111667 0.227083 0.174444
221 0.430903 0.519444 0.175694 0.187778
58 0.183681 0.400556 0.178472 0.087778
181 0.240278 0.349444 0.215278 0.236667
242 0.358333 0.142222 0.200000 0.222222