196 0.478472 0.191667 0.161111 0.205556
14 0.260764 0.512222 0.453472 0.217778
166 0.504167 0.323889 0.138889 0.201111
19 0.113889 0.285556 0.097222 0.048889
202 0.552083 0.157222 0.181944 0.225556
265 0.528819 0.441111 0.249306 0.195556
112 0.490278 0.380556 0.186111 0.174444
197 0.465625 0.260000 0.164583 0.266667
41 0.485417 0.304444 0.243056 0.077778
247 0.606944 0.172778 0.204167 0.203333
35 0.176389 0.417778 0.097222 0.048889
254 0.413889 0.428889 0.236111 0.251111
170 0.373264 0.514444 0.254861 0.171111
181 0.366667 0.468333 0.204167 0.227778
284 0.329167 0.495556 0.287500 0.102222
217 0.521875 0.485556 0.196528 0.124444
74 0.711111 0.433333 0.486111 0.266667
152 0.262500 0.559444 0.158333 0.274444
213 0.474653 0.233333 0.207639 0.253333
266 0.390972 0.251667 0.243056 0.216667