163 0.122569 0.148333 0.200694 0.141111
177 0.318403 0.249444 0.245139 0.272222
199 0.185764 0.460556 0.246528 0.147778
47 0.350000 0.377222 0.229167 0.101111
115 0.574653 0.487222 0.272917 0.158889
54 0.610764 0.408333 0.263194 0.098889
123 0.520486 0.163889 0.143750 0.205556
174 0.157639 0.111111 0.097222 0.048889
130 0.436458 0.202222 0.274306 0.224444
51 0.251042 0.472222 0.247917 0.077778
142 0.285417 0.472778 0.248611 0.261111
276 0.269444 0.436667 0.388889 0.175556
182 0.511111 0.401111 0.176389 0.206667
25 0.227778 0.454444 0.097222 0.048889
34 0.089583 0.141111 0.097222 0.048889
183 0.585417 0.134444 0.205556 0.202222
262 0.176389 0.503889 0.261111 0.230000
89 0.518403 0.192222 0.197917 0.233333
60 0.354514 0.253333 0.268750 0.093333
197 0.236111 0.367222 0.156944 0.267778
66 0.453472 0.333333 0.222222 0.422222
140 0.393056 0.307222 0.197222 0.165556
248 0.225347 0.290000 0.202083 0.135556