131 0.340625 0.212778 0.209028 0.201111
150 0.270486 0.252778 0.200694 0.123333
262 0.561806 0.138889 0.158333 0.131111
248 0.315278 0.326667 0.143056 0.144444
109 0.361458 0.371111 0.189583 0.266667
229 0.408333 0.165000 0.216667 0.243333
90 0.247917 0.363333 0.444444 0.444444
151 0.342014 0.446667 0.277083 0.140000
81 0.550000 0.486667 0.200000 0.193333
313 0.485069 0.235556 0.245139 0.242222
120 0.261806 0.373889 0.177778 0.123333
221 0.460417 0.219444 0.156944 0.227778
188 0.556597 0.540556 0.160417 0.254444
260 0.590278 0.105000 0.215278 0.125556
306 0.206597 0.328333 0.246528 0.256667
60 0.515278 0.454444 0.233333 0.077778
211 0.230208 0.260000 0.209028 0.202222
213 0.237847 0.401667 0.170139 0.203333
254 0.160069 0.308889 0.252083 0.160000
154 0.436111 0.337778 0.347222 0.388889
85 0.467014 0.206667 0.275694 0.251111
6 0.729167 0.423889 0.436111 0.185556
132 0.522569 0.535556 0.147917 0.222222