239 0.565278 0.348333 0.273611 0.158889
259 0.375347 0.268889 0.260417 0.133333
82 0.574653 0.535556 0.214583 0.273333
215 0.417708 0.327222 0.243750 0.270000
222 0.247569 0.290556 0.217361 0.216667
128 0.269792 0.317222 0.150694 0.141111
51 0.244792 0.474444 0.189583 0.073333
111 0.432986 0.495556 0.168750 0.211111
32 0.305903 0.291111 0.117361 0.040000
94 0.246181 0.390000 0.168750 0.146667
316 0.523264 0.142222 0.268750 0.204444
143 0.495486 0.533889 0.175694 0.234444
305 0.481944 0.356111 0.154167 0.147778
267 0.343750 0.172778 0.176389 0.147778
106 0.139583 0.435000 0.140278 0.265556
196 0.120833 0.397778 0.179167 0.146667
101 0.410069 0.212222 0.206250 0.184444
157 0.193056 0.236667 0.347222 0.388889
260 0.234722 0.445000 0.195833 0.185556
251 0.611806 0.386111 0.250000 0.236667
96 0.465972 0.431111 0.218056 0.153333
180 0.309722 0.491111 0.208333 0.206667
184 0.306944 0.323889 0.186111 0.127778