201 0.250000 0.156667 0.097222 0.048889
234 0.526736 0.252222 0.207639 0.251111
121 0.575694 0.135556 0.218056 0.204444
11 0.491667 0.407222 0.487500 0.163333
269 0.242708 0.359444 0.154861 0.274444
93 0.204861 0.384444 0.194444 0.168889
22 0.474306 0.092222 0.033333 0.053333
151 0.360069 0.183333 0.243750 0.184444
98 0.511806 0.177222 0.216667 0.265556
171 0.380903 0.229444 0.214583 0.221111
122 0.224653 0.475000 0.175694 0.245556
174 0.443056 0.362222 0.097222 0.048889
264 0.329514 0.104444 0.192361 0.144444
182 0.211458 0.349444 0.177083 0.134444
46 0.240278 0.241667 0.222222 0.081111
43 0.613889 0.325556 0.243056 0.077778
301 0.311111 0.160000 0.155556 0.188889
1 0.750000 0.345556 1.000000 0.066667
95 0.260069 0.162778 0.265972 0.214444
283 0.657292 0.516667 0.353472 0.211111
138 0.584375 0.223333 0.157639 0.251111
226 0.367361 0.410000 0.097222 0.048889
114 0.303125 0.134444 0.263194 0.146667