259 0.213889 0.327222 0.180556 0.145556
224 0.471875 0.440556 0.220139 0.141111
85 0.296875 0.323333 0.210417 0.131111
154 0.523611 0.597778 0.347222 0.388889
58 0.306944 0.266667 0.234722 0.111111
100 0.562153 0.124444 0.231250 0.153333
294 0.498264 0.526667 0.418750 0.188889
181 0.524653 0.242778 0.195139 0.114444
268 0.599653 0.343889 0.261806 0.194444
74 0.491667 0.264444 0.486111 0.266667
158 0.465972 0.542222 0.347222 0.388889
54 0.231944 0.224444 0.226389 0.082222
53 0.281597 0.179444 0.225694 0.085556
243 0.165278 0.158889 0.144444 0.117778
242 0.435417 0.521111 0.145833 0.182222
107 0.512153 0.404444 0.235417 0.173333