242 0.498611 0.272222 0.243056 0.128889
20 0.125694 0.415556 0.097222 0.048889
166 0.388542 0.166667 0.270139 0.182222
89 0.219097 0.241667 0.167361 0.227778
8 0.594444 0.484444 0.173611 0.555556
53 0.395486 0.251667 0.236806 0.105556
270 0.246181 0.273333 0.160417 0.257778
46 0.425347 0.127222 0.270139 0.096667
34 0.270833 0.441111 0.097222 0.048889
294 0.718056 0.121111 0.427778 0.195556
257 0.395833 0.206667 0.156944 0.126667
98 0.238542 0.218889 0.214583 0.273333
137 0.332986 0.502778 0.199306 0.247778
96 0.373958 0.351111 0.157639 0.268889
291 0.617361 0.327222 0.506944 0.132222
88 0.623958 0.248333 0.250694 0.274444
29 0.249653 0.392222 0.089583 0.040000
281 0.385764 0.460556 0.490972 0.205556
277 0.592361 0.162778 0.348611 0.216667
119 0.552431 0.190556 0.203472 0.145556