1 0.703472 0.162222 1.000000 0.066667
50 0.631944 0.417222 0.252778 0.070000
9 0.204167 0.496667 0.173611 0.555556
180 0.613889 0.383889 0.234722 0.267778
41 0.542361 0.405556 0.243056 0.077778
162 0.330903 0.322222 0.203472 0.200000
309 0.359375 0.257778 0.178472 0.266667
262 0.138542 0.176667 0.163194 0.184444
133 0.192361 0.237778 0.148611 0.113333
295 0.494444 0.490556 0.277778 0.136667
207 0.275694 0.496667 0.222222 0.422222
57 0.590625 0.382778 0.225694 0.103333
142 0.519792 0.482222 0.250694 0.197778
152 0.510069 0.284444 0.214583 0.117778
119 0.174653 0.403889 0.245139 0.150000