272 0.558333 0.401111 0.269444 0.153333
97 0.223264 0.361111 0.175694 0.197778
46 0.422222 0.070556 0.251389 0.074444
303 0.584028 0.358889 0.238889 0.111111
306 0.192014 0.355556 0.211806 0.193333
68 0.429861 0.404444 0.222222 0.422222
241 0.571875 0.275556 0.224306 0.220000
98 0.448264 0.303889 0.249306 0.125556
264 0.260417 0.274444 0.143056 0.177778
197 0.263542 0.192222 0.202083 0.115556
268 0.546528 0.119444 0.194444 0.158889
28 0.517361 0.277778 0.243056 0.077778
65 0.472917 0.462222 0.222222 0.422222
34 0.552083 0.324444 0.097222 0.048889
238 0.370486 0.363333 0.271528 0.164444
91 0.261111 0.166111 0.177778 0.205556
196 0.590625 0.174444 0.163194 0.122222
229 0.488889 0.479444 0.206944 0.214444
230 0.284028 0.316667 0.222222 0.422222
35 0.559722 0.175556 0.097222 0.048889
56 0.141667 0.253333 0.173611 0.108889
24 0.370139 0.384444 0.097222 0.048889