152 0.159028 0.477222 0.188889 0.256667
287 0.540972 0.462222 0.409722 0.133333
178 0.175347 0.353889 0.275694 0.174444
58 0.346181 0.346667 0.203472 0.100000
22 0.498611 0.221111 0.033333 0.053333
238 0.431250 0.309444 0.201389 0.243333
262 0.356944 0.333889 0.168056 0.236667
158 0.631944 0.480000 0.347222 0.388889
48 0.273958 0.432778 0.270139 0.072222
64 0.151389 0.631111 0.222222 0.422222
85 0.222917 0.231667 0.259722 0.214444
1 0.569444 0.234444 1.000000 0.066667
166 0.570139 0.528889 0.158333 0.171111
279 0.704861 0.151667 0.438889 0.092222
310 0.497569 0.260000 0.209028 0.202222
266 0.247222 0.530556 0.190278 0.265556
8 0.550000 0.700000 0.173611 0.555556