20 0.545139 0.133333 0.097222 0.048889
198 0.127778 0.273889 0.188889 0.125556
163 0.347222 0.343889 0.261111 0.123333
275 0.567014 0.226667 0.409028 0.171111
292 0.445486 0.507778 0.388194 0.153333
137 0.473958 0.192222 0.192361 0.202222
87 0.477431 0.420000 0.190972 0.131111
193 0.105208 0.321667 0.165972 0.176667
201 0.206250 0.064444 0.097222 0.048889
44 0.393056 0.342222 0.243056 0.077778
8 0.322917 0.555556 0.173611 0.555556
246 0.544792 0.376111 0.161806 0.118889
268 0.538889 0.390000 0.140278 0.208889
4 0.469792 0.168333 0.497917 0.103333
267 0.403472 0.196111 0.161111 0.236667
72 0.303125 0.471111 0.263194 0.262222
307 0.198264 0.540000 0.231250 0.251111
205 0.613889 0.400556 0.233333 0.178889
312 0.188194 0.412222 0.276389 0.173333
111 0.260417 0.333889 0.255556 0.174444
316 0.523958 0.192222 0.182639 0.220000
126 0.553472 0.442222 0.161111 0.204444
279 0.251736 0.480000 0.367361 0.082222
313 0.353819 0.152778 0.268750 0.174444
42 0.320139 0.222222 0.243056 0.077778
119 0.466319 0.303333 0.238194 0.200000