174 0.459722 0.383333 0.097222 0.048889
265 0.441319 0.547778 0.178472 0.248889
27 0.491667 0.075556 0.097222 0.048889
292 0.363542 0.262222 0.454861 0.122222
59 0.207639 0.108333 0.241667 0.081111
313 0.243056 0.470000 0.191667 0.133333
230 0.479861 0.583333 0.222222 0.422222
79 0.335417 0.393333 0.251389 0.257778
148 0.310069 0.281111 0.168750 0.188889
183 0.504861 0.435000 0.236111 0.252222
31 0.409375 0.073889 0.103472 0.045556
154 0.331944 0.498889 0.347222 0.388889
276 0.627431 0.493889 0.378472 0.181111
114 0.483681 0.190000 0.203472 0.193333
284 0.587153 0.165000 0.453472 0.158889
12 0.513194 0.386111 0.401389 0.127778
201 0.152778 0.111111 0.097222 0.048889
85 0.538194 0.378333 0.143056 0.214444
261 0.331250 0.551111 0.218056 0.248889
202 0.308681 0.360000 0.228472 0.142222
82 0.557986 0.245556 0.177083 0.191111