13 0.326736 0.349444 0.490972 0.123333
36 0.527083 0.077778 0.243056 0.077778
195 0.273611 0.341111 0.154167 0.168889
292 0.677431 0.094444 0.479861 0.088889
294 0.194792 0.342778 0.300694 0.158889
273 0.365625 0.352778 0.157639 0.230000
233 0.261111 0.332778 0.256944 0.158889
291 0.304861 0.480000 0.381944 0.086667
82 0.130556 0.166667 0.215278 0.235556
147 0.388194 0.422222 0.334722 0.535556
90 0.677083 0.544444 0.444444 0.444444
194 0.501389 0.197222 0.202778 0.194444
153 0.485417 0.344444 0.347222 0.388889
61 0.593750 0.454444 0.212500 0.091111
244 0.501042 0.527222 0.204861 0.216667
304 0.251389 0.516667 0.243056 0.197778
165 0.252083 0.286667 0.190278 0.251111
15 0.461806 0.172222 0.097222 0.048889