74 0.282639 0.226667 0.486111 0.266667
198 0.613542 0.300000 0.263194 0.220000
6 0.602083 0.245556 0.416667 0.204444
224 0.356944 0.403333 0.263889 0.233333
294 0.469792 0.130000 0.290972 0.071111
126 0.348264 0.289444 0.188194 0.178889
184 0.219097 0.229444 0.147917 0.252222
73 0.623958 0.402778 0.268750 0.230000
164 0.429861 0.223333 0.151389 0.255556
20 0.468056 0.306667 0.097222 0.048889
298 0.203819 0.516667 0.377083 0.171111
64 0.554167 0.338889 0.222222 0.422222
228 0.310417 0.111667 0.181944 0.176667
151 0.259028 0.477222 0.175000 0.121111
212 0.231944 0.368333 0.234722 0.216667