212 0.172917 0.281111 0.211111 0.155556
64 0.176389 0.520000 0.222222 0.422222
245 0.163542 0.362222 0.143750 0.157778
254 0.477431 0.561667 0.236806 0.274444
56 0.286458 0.357222 0.206250 0.072222
278 0.656944 0.417778 0.408333 0.128889
79 0.515278 0.306667 0.201389 0.155556
159 0.380903 0.145556 0.175694 0.148889
71 0.202778 0.245556 0.215278 0.206667
293 0.675347 0.191667 0.445139 0.132222
266 0.232292 0.375556 0.206250 0.268889
303 0.379514 0.536667 0.272917 0.275556
304 0.518403 0.340000 0.207639 0.137778
210 0.588889 0.469444 0.170833 0.236667
252 0.391667 0.421667 0.212500 0.163333
302 0.570833 0.270000 0.152778 0.220000