75 0.684028 0.274444 0.486111 0.266667
283 0.634375 0.145000 0.420139 0.087778
181 0.206597 0.533333 0.224306 0.253333
180 0.411806 0.427778 0.245833 0.253333
182 0.629861 0.191111 0.233333 0.137778
207 0.500694 0.475556 0.222222 0.422222
248 0.334722 0.381111 0.252778 0.186667
30 0.104514 0.291111 0.117361 0.040000
193 0.553819 0.535556 0.206250 0.240000
232 0.126042 0.273889 0.146528 0.263333
272 0.348611 0.222222 0.231944 0.144444
50 0.588889 0.297222 0.216667 0.094444
273 0.156597 0.193889 0.204861 0.221111
40 0.144444 0.151111 0.243056 0.077778