63 0.612500 0.248889 0.222222 0.422222
293 0.678472 0.150000 0.398611 0.200000
123 0.399653 0.209444 0.236806 0.258889
47 0.373611 0.205556 0.222222 0.100000
172 0.633681 0.306667 0.267361 0.211111
95 0.555556 0.413889 0.277778 0.227778
34 0.427778 0.418889 0.097222 0.048889
312 0.595139 0.450000 0.176389 0.224444
60 0.118750 0.270556 0.188889 0.110000
304 0.160417 0.311667 0.191667 0.252222
15 0.372917 0.078889 0.097222 0.048889
18 0.305903 0.182778 0.539583 0.141111
277 0.467708 0.215556 0.324306 0.220000
141 0.474653 0.247778 0.197917 0.122222