89 0.320486 0.146667 0.274306 0.220000
309 0.194097 0.395000 0.174306 0.118889
68 0.623611 0.622222 0.222222 0.422222
37 0.336806 0.426667 0.243056 0.077778
266 0.261806 0.466667 0.181944 0.155556
10 0.634028 0.168889 0.438889 0.102222
103 0.506944 0.359444 0.186111 0.216667
153 0.635417 0.358889 0.347222 0.388889
46 0.559028 0.124444 0.276389 0.077778
170 0.463194 0.332778 0.238889 0.181111
93 0.239236 0.315000 0.277083 0.270000
235 0.550000 0.204444 0.231944 0.120000
15 0.527083 0.412222 0.097222 0.048889
8 0.175000 0.613333 0.173611 0.555556
179 0.356250 0.212222 0.155556 0.148889
73 0.409722 0.446667 0.138889 0.177778
28 0.456250 0.066667 0.243056 0.077778
273 0.367361 0.531667 0.205556 0.254444
311 0.518403 0.233333 0.184028 0.255556