192 0.247569 0.146111 0.172917 0.243333
240 0.305208 0.373333 0.193750 0.197778
175 0.216667 0.403333 0.097222 0.048889
152 0.455208 0.147222 0.257639 0.241111
198 0.226389 0.179444 0.195833 0.152222
1 0.570833 0.155556 1.000000 0.066667
238 0.187847 0.170000 0.188194 0.135556
29 0.171875 0.055000 0.090972 0.041111
144 0.153125 0.385556 0.265972 0.237778
264 0.579167 0.133333 0.252778 0.208889
30 0.488542 0.266667 0.074306 0.040000
50 0.546181 0.086111 0.207639 0.107778
89 0.523264 0.550000 0.199306 0.260000