266 0.632986 0.345556 0.252083 0.117778
166 0.229167 0.402778 0.184722 0.272222
170 0.525000 0.207222 0.181944 0.125556
169 0.177778 0.456667 0.245833 0.191111
177 0.595486 0.388889 0.235417 0.275556
47 0.362500 0.405000 0.258333 0.087778
68 0.158333 0.474444 0.222222 0.422222
272 0.251389 0.419444 0.220833 0.181111
183 0.557292 0.176667 0.207639 0.126667
124 0.303472 0.487222 0.162500 0.121111
198 0.512153 0.198889 0.206250 0.233333
112 0.421181 0.172778 0.196528 0.254444
212 0.298264 0.263889 0.236806 0.141111
236 0.296875 0.307778 0.242361 0.257778
279 0.253125 0.347222 0.379861 0.085556
231 0.160417 0.311111 0.175000 0.208889
115 0.522917 0.546111 0.268056 0.245556
100 0.158333 0.311667 0.213889 0.181111
182 0.226736 0.350000 0.268750 0.200000