207 0.404861 0.296667 0.222222 0.422222
116 0.452431 0.477222 0.267361 0.221111
148 0.326389 0.264444 0.200000 0.206667
277 0.544444 0.432778 0.316667 0.147778
120 0.274653 0.315556 0.139583 0.251111
241 0.270486 0.263333 0.181250 0.160000
103 0.343056 0.515556 0.181944 0.253333
232 0.497569 0.347778 0.267361 0.144444
109 0.611111 0.488889 0.272222 0.162222
197 0.286458 0.098889 0.242361 0.151111
208 0.598264 0.125556 0.257639 0.131111
260 0.232986 0.166667 0.217361 0.111111
205 0.239931 0.259444 0.236806 0.198889
246 0.602778 0.337222 0.194444 0.161111
81 0.351042 0.376667 0.195139 0.264444
306 0.213542 0.250000 0.210417 0.151111
16 0.480208 0.168889 0.365972 0.133333
279 0.322222 0.178333 0.306944 0.216667
253 0.377778 0.291667 0.202778 0.214444