61 0.298958 0.366667 0.268750 0.071111
26 0.414583 0.401111 0.097222 0.048889
169 0.538542 0.395000 0.210417 0.196667
166 0.362500 0.526111 0.261111 0.256667
17 0.285417 0.185556 0.388889 0.195556
239 0.388542 0.450000 0.195139 0.244444
236 0.358333 0.376111 0.265278 0.147778
201 0.190972 0.244444 0.097222 0.048889
124 0.519444 0.189444 0.162500 0.145556
46 0.562500 0.252778 0.268056 0.083333
200 0.365972 0.326667 0.097222 0.048889
311 0.482986 0.127222 0.265972 0.203333
185 0.335417 0.423889 0.159722 0.216667
145 0.618056 0.455000 0.223611 0.247778
60 0.209375 0.290556 0.222917 0.110000
146 0.460764 0.467222 0.153472 0.132222
20 0.072222 0.417778 0.097222 0.048889
241 0.309028 0.293333 0.206944 0.220000
59 0.614236 0.281111 0.275694 0.111111
32 0.168056 0.229444 0.079167 0.045556
293 0.615972 0.427778 0.426389 0.120000
248 0.215278 0.336111 0.141667 0.223333
64 0.302083 0.573333 0.222222 0.422222