275 0.410069 0.095556 0.345139 0.084444
150 0.248264 0.258889 0.222917 0.242222
268 0.488542 0.382222 0.261806 0.180000
121 0.555208 0.443889 0.250694 0.183333
32 0.273958 0.071667 0.102083 0.043333
115 0.345833 0.096111 0.277778 0.132222
174 0.256944 0.455556 0.097222 0.048889
240 0.203472 0.177778 0.177778 0.204444
256 0.436458 0.163889 0.167361 0.261111
111 0.456250 0.402778 0.229167 0.143333
231 0.382986 0.478333 0.186806 0.230000
59 0.500000 0.455556 0.179167 0.102222
270 0.200000 0.183889 0.252778 0.183333
182 0.440972 0.522778 0.273611 0.247778
184 0.367708 0.228889 0.175694 0.224444
300 0.518056 0.388889 0.486111 0.266667
114 0.162153 0.173333 0.197917 0.117778
206 0.153472 0.402222 0.243056 0.077778
78 0.581944 0.381667 0.229167 0.198889
102 0.709722 0.660000 0.444444 0.444444
81 0.399306 0.513333 0.251389 0.268889
79 0.565625 0.156667 0.167361 0.215556
301 0.171181 0.320556 0.165972 0.263333