286 0.598611 0.541667 0.437500 0.205556
113 0.483333 0.521111 0.218056 0.171111
229 0.365278 0.255556 0.213889 0.122222
304 0.255903 0.332222 0.253472 0.226667
16 0.572222 0.204444 0.436111 0.113333
188 0.260417 0.406111 0.155556 0.152222
115 0.373611 0.417778 0.209722 0.128889
296 0.331250 0.236667 0.490278 0.191111
72 0.389583 0.226111 0.236111 0.121111
80 0.560764 0.462222 0.190972 0.184444
231 0.409375 0.552222 0.160417 0.224444
0 0.977083 0.373333 1.000000 0.066667
187 0.303819 0.493333 0.263194 0.260000