205 0.363194 0.210556 0.170833 0.185556
300 0.606944 0.531111 0.486111 0.266667
313 0.210417 0.485000 0.190278 0.265556
212 0.302083 0.536111 0.262500 0.214444
124 0.352083 0.484444 0.206944 0.175556
137 0.447569 0.455556 0.159028 0.208889
192 0.432986 0.141111 0.247917 0.171111
200 0.150694 0.152222 0.097222 0.048889
315 0.491667 0.530556 0.234722 0.214444
139 0.134722 0.446111 0.177778 0.143333
247 0.222222 0.443333 0.263889 0.166667
73 0.404167 0.256667 0.215278 0.202222
103 0.555903 0.193333 0.271528 0.228889
112 0.588194 0.511111 0.265278 0.177778