248 0.246528 0.175000 0.227778 0.136667
95 0.339931 0.167778 0.200694 0.137778
313 0.196875 0.362778 0.172917 0.245556
101 0.551042 0.243333 0.228472 0.157778
35 0.400000 0.438889 0.097222 0.048889
33 0.452083 0.065556 0.097222 0.048889
123 0.480556 0.555556 0.204167 0.266667
146 0.342014 0.145556 0.218750 0.222222
21 0.343750 0.082222 0.097222 0.048889
151 0.610764 0.375556 0.270139 0.140000
294 0.506250 0.184444 0.369444 0.191111
293 0.462500 0.181111 0.308333 0.195556
70 0.156597 0.356667 0.195139 0.137778