169 0.419444 0.081667 0.230556 0.118889
145 0.503125 0.255000 0.232639 0.125556
122 0.336111 0.398889 0.155556 0.235556
12 0.361111 0.371111 0.325000 0.220000
3 0.918750 0.152222 1.000000 0.066667
306 0.358333 0.529444 0.201389 0.194444
239 0.407639 0.282778 0.172222 0.194444
38 0.502083 0.461111 0.243056 0.077778
83 0.391667 0.269444 0.166667 0.216667
174 0.417361 0.254444 0.097222 0.048889
256 0.309722 0.435000 0.268056 0.170000
134 0.128472 0.175556 0.169444 0.142222
13 0.553819 0.158889 0.465972 0.173333