118 0.551042 0.113333 0.260417 0.166667
230 0.368056 0.532222 0.222222 0.422222
55 0.159375 0.341111 0.263194 0.084444
269 0.106944 0.540556 0.162500 0.261111
68 0.601389 0.346667 0.222222 0.422222
211 0.534028 0.330556 0.262500 0.114444
311 0.230903 0.445000 0.190972 0.227778
258 0.372222 0.129444 0.255556 0.121111
79 0.307292 0.155000 0.139583 0.214444
245 0.488194 0.523889 0.187500 0.230000
49 0.160417 0.111111 0.204167 0.111111
40 0.386111 0.252222 0.243056 0.077778
259 0.258681 0.224444 0.168750 0.268889
199 0.500347 0.170556 0.256250 0.236667
115 0.342708 0.397778 0.165972 0.175556
71 0.337500 0.247222 0.234722 0.114444
13 0.307292 0.273889 0.353472 0.092222