77 0.444444 0.542222 0.486111 0.266667
8 0.455556 0.700000 0.173611 0.555556
267 0.483681 0.447778 0.157639 0.135556
295 0.253472 0.278333 0.344444 0.098889
70 0.233333 0.243889 0.211111 0.256667
93 0.362847 0.490556 0.164583 0.232222
146 0.256597 0.533889 0.220139 0.203333
91 0.157986 0.176667 0.243750 0.226667
199 0.442361 0.305556 0.163889 0.251111
231 0.168056 0.413333 0.256944 0.240000
162 0.337153 0.327778 0.239583 0.191111
90 0.331250 0.516667 0.444444 0.444444
219 0.408333 0.055556 0.097222 0.048889
260 0.477778 0.328333 0.198611 0.170000
300 0.656250 0.207778 0.486111 0.266667
250 0.547569 0.213333 0.150694 0.188889
198 0.272222 0.263889 0.205556 0.156667
152 0.586458 0.158889 0.242361 0.211111