127 0.163542 0.303889 0.253472 0.118889
250 0.122569 0.382222 0.199306 0.226667
23 0.354861 0.137778 0.033333 0.053333
277 0.305903 0.526667 0.342361 0.175556
61 0.550000 0.379444 0.240278 0.092222
189 0.377778 0.137778 0.169444 0.175556
315 0.200694 0.437778 0.234722 0.255556
299 0.414583 0.431111 0.269444 0.133333
123 0.109375 0.544444 0.174306 0.246667
136 0.567014 0.397222 0.172917 0.163333
216 0.386111 0.146111 0.144444 0.210000
122 0.194097 0.478889 0.271528 0.128889
162 0.456597 0.395556 0.147917 0.251111
12 0.461458 0.280000 0.288194 0.111111
94 0.554514 0.360556 0.149306 0.258889
5 0.475694 0.493333 0.472222 0.188889
131 0.273958 0.428333 0.242361 0.238889
27 0.207639 0.366667 0.097222 0.048889
155 0.438889 0.315556 0.347222 0.388889