243 0.276389 0.355556 0.201389 0.271111
136 0.268750 0.194444 0.150000 0.235556
81 0.352431 0.149444 0.209028 0.210000
79 0.264931 0.306111 0.268750 0.270000
82 0.461458 0.360556 0.207639 0.118889
312 0.334028 0.170000 0.254167 0.184444
257 0.119097 0.342778 0.171528 0.154444
189 0.115625 0.245556 0.196528 0.168889
148 0.127083 0.407222 0.147222 0.261111
62 0.580556 0.336667 0.243056 0.077778
233 0.325000 0.178333 0.194444 0.245556
22 0.189583 0.325556 0.033333 0.053333
87 0.147222 0.422778 0.248611 0.216667
204 0.403125 0.505000 0.140972 0.201111
116 0.322917 0.553889 0.162500 0.254444
208 0.368750 0.516111 0.177778 0.238889
195 0.484375 0.135556 0.193750 0.204444