112 0.501736 0.438889 0.220139 0.133333
310 0.209375 0.082222 0.211806 0.120000
110 0.281250 0.129444 0.220833 0.163333
47 0.586111 0.430556 0.191667 0.105556
77 0.515972 0.490000 0.486111 0.266667
274 0.127778 0.292222 0.184722 0.215556
72 0.480556 0.443889 0.237500 0.187778
118 0.337847 0.236667 0.189583 0.142222
185 0.290625 0.229444 0.196528 0.267778
2 0.859028 0.057778 1.000000 0.066667
67 0.322917 0.357778 0.222222 0.422222
78 0.413542 0.192222 0.199306 0.237778
216 0.179167 0.327778 0.181944 0.248889
71 0.245833 0.248889 0.223611 0.162222