174 0.398611 0.338889 0.097222 0.048889
76 0.661806 0.420000 0.486111 0.266667
247 0.572222 0.187222 0.204167 0.194444
180 0.096528 0.203889 0.154167 0.218889
253 0.400000 0.126111 0.263889 0.145556
299 0.175694 0.410556 0.209722 0.252222
85 0.529514 0.358889 0.164583 0.164444
128 0.210764 0.442778 0.254861 0.267778
42 0.376389 0.273333 0.243056 0.077778
300 0.416667 0.545556 0.486111 0.266667
161 0.207292 0.128889 0.163194 0.142222
289 0.326042 0.330556 0.445139 0.150000
260 0.429861 0.543889 0.169444 0.243333
313 0.277778 0.441111 0.158333 0.260000
71 0.560069 0.347222 0.215972 0.123333
83 0.155556 0.167778 0.277778 0.195556
193 0.130556 0.216111 0.159722 0.247778
287 0.691319 0.503333 0.363194 0.142222
58 0.237500 0.425556 0.265278 0.093333
11 0.325694 0.241111 0.308333 0.200000
25 0.427083 0.193333 0.097222 0.048889
98 0.231944 0.446111 0.201389 0.198889
231 0.589236 0.241111 0.272917 0.255556
17 0.679861 0.396111 0.533333 0.163333
169 0.337153 0.416667 0.259028 0.237778