48 0.410069 0.122778 0.274306 0.101111
238 0.183333 0.492222 0.225000 0.151111
261 0.166667 0.456111 0.194444 0.267778
88 0.437500 0.296111 0.236111 0.230000
60 0.335069 0.260000 0.196528 0.106667
239 0.628472 0.236111 0.231944 0.181111
286 0.246528 0.127778 0.438889 0.093333
132 0.440972 0.240556 0.275000 0.230000
50 0.153819 0.458333 0.177083 0.085556
271 0.489583 0.451667 0.218056 0.227778
78 0.509722 0.497222 0.152778 0.247778
187 0.606250 0.478889 0.262500 0.128889
314 0.274306 0.541667 0.152778 0.210000
200 0.509028 0.374444 0.097222 0.048889
114 0.240278 0.287222 0.208333 0.154444
235 0.619444 0.263889 0.263889 0.225556