167 0.467361 0.101667 0.148611 0.125556
308 0.635417 0.456111 0.268056 0.192222
208 0.590278 0.401667 0.243056 0.143333
195 0.280208 0.412222 0.217361 0.140000
84 0.218403 0.336111 0.142361 0.163333
296 0.541319 0.172778 0.431250 0.085556
300 0.468750 0.203333 0.486111 0.266667
231 0.192708 0.486667 0.277083 0.257778
126 0.165625 0.189444 0.174306 0.147778
302 0.435417 0.361667 0.183333 0.261111
280 0.299306 0.486667 0.462500 0.208889
8 0.289583 0.684444 0.173611 0.555556
198 0.106597 0.187222 0.147917 0.250000
311 0.351736 0.113889 0.221528 0.176667
13 0.634375 0.393889 0.428472 0.194444
315 0.510764 0.547778 0.270139 0.220000
41 0.329167 0.410000 0.243056 0.077778