130 0.555903 0.561667 0.140972 0.261111
22 0.452778 0.077778 0.033333 0.053333
199 0.447222 0.182778 0.200000 0.198889
152 0.377083 0.301667 0.215278 0.147778
246 0.370139 0.132778 0.233333 0.161111
170 0.292708 0.466667 0.177083 0.131111
21 0.149306 0.184444 0.097222 0.048889
284 0.617708 0.362778 0.506250 0.176667
133 0.507292 0.207222 0.213194 0.174444
159 0.133681 0.486667 0.200694 0.164444
51 0.446875 0.263333 0.238194 0.102222
243 0.540972 0.265000 0.145833 0.156667
29 0.557986 0.141111 0.100694 0.051111
7 0.225000 0.591111 0.173611 0.555556
171 0.216319 0.171667 0.213194 0.232222
100 0.527778 0.209444 0.179167 0.201111
127 0.449653 0.506667 0.202083 0.166667
162 0.321528 0.572222 0.277778 0.257778
303 0.583333 0.192222 0.198611 0.206667
64 0.400000 0.305556 0.222222 0.422222
154 0.203472 0.406667 0.347222 0.388889
309 0.417361 0.332778 0.201389 0.203333