23 0.379167 0.243333 0.033333 0.053333
84 0.526042 0.156667 0.204861 0.217778
301 0.304167 0.157222 0.177778 0.174444
5 0.457292 0.339444 0.307639 0.076667
150 0.341667 0.115556 0.277778 0.148889
77 0.429167 0.534444 0.486111 0.266667
226 0.065278 0.416667 0.097222 0.048889
289 0.293056 0.137222 0.345833 0.098889
250 0.225000 0.212222 0.140278 0.180000
230 0.216667 0.575556 0.222222 0.422222
248 0.606597 0.381667 0.252083 0.185556
0 0.936806 0.073333 1.000000 0.066667
187 0.610069 0.136111 0.256250 0.141111
295 0.496181 0.259444 0.454861 0.196667
26 0.268056 0.228889 0.097222 0.048889
152 0.553819 0.434444 0.265972 0.211111
219 0.510417 0.402222 0.097222 0.048889
111 0.266667 0.240556 0.262500 0.116667
133 0.573958 0.498889 0.275694 0.131111
180 0.418403 0.202222 0.211806 0.246667