163 0.156250 0.216667 0.155556 0.273333
178 0.477431 0.442778 0.229861 0.118889
29 0.282986 0.170556 0.077083 0.050000
8 0.197917 0.701111 0.173611 0.555556
307 0.510764 0.137778 0.153472 0.204444
93 0.626736 0.094444 0.260417 0.113333
118 0.479167 0.537778 0.277778 0.271111
187 0.154167 0.175000 0.250000 0.236667
30 0.402083 0.453889 0.108333 0.052222
208 0.246181 0.164444 0.271528 0.226667
123 0.585069 0.426667 0.221528 0.140000
183 0.446181 0.130000 0.218750 0.140000
234 0.499653 0.560000 0.157639 0.248889
143 0.385417 0.286667 0.143056 0.242222
108 0.371181 0.205000 0.150694 0.118889
308 0.497917 0.116667 0.216667 0.137778
130 0.355556 0.356667 0.269444 0.273333
121 0.350347 0.403889 0.193750 0.227778
91 0.310069 0.430556 0.171528 0.183333