294 0.279167 0.150556 0.443056 0.101111
264 0.517708 0.398333 0.199306 0.156667
109 0.461111 0.426667 0.169444 0.142222
261 0.197917 0.357222 0.187500 0.252222
130 0.376736 0.461667 0.277083 0.185556
69 0.283333 0.654444 0.222222 0.422222
311 0.409028 0.140000 0.268056 0.222222
147 0.270139 0.506667 0.334722 0.535556
201 0.341667 0.051111 0.097222 0.048889
62 0.375694 0.126667 0.243056 0.077778
181 0.342361 0.173333 0.208333 0.273333
40 0.314583 0.355556 0.243056 0.077778
290 0.327083 0.135556 0.490278 0.117778
154 0.462500 0.341111 0.347222 0.388889
315 0.367361 0.394444 0.273611 0.197778