41 0.150694 0.353333 0.243056 0.077778
212 0.195139 0.274444 0.205556 0.202222
12 0.579167 0.271111 0.316667 0.211111
76 0.516667 0.538889 0.486111 0.266667
243 0.218056 0.498333 0.237500 0.141111
211 0.464931 0.177222 0.215972 0.178889
170 0.378819 0.170556 0.174306 0.158889
56 0.208681 0.317778 0.227083 0.091111
258 0.573264 0.556667 0.202083 0.248889
175 0.154861 0.174444 0.097222 0.048889
70 0.382986 0.208333 0.197917 0.181111
230 0.540972 0.438889 0.222222 0.422222
44 0.275694 0.363333 0.243056 0.077778
139 0.355556 0.475000 0.215278 0.247778
296 0.355556 0.241667 0.500000 0.178889
36 0.588889 0.262222 0.243056 0.077778
297 0.543750 0.186111 0.519444 0.141111
188 0.214583 0.481667 0.200000 0.183333
277 0.476389 0.532222 0.402778 0.182222
197 0.403472 0.157222 0.198611 0.143333