16 0.530208 0.527778 0.440972 0.206667
158 0.640278 0.410000 0.347222 0.388889
122 0.573958 0.288889 0.161806 0.255556
195 0.584375 0.305556 0.145139 0.164444
148 0.402431 0.369444 0.178472 0.265556
268 0.549653 0.447222 0.275694 0.250000
53 0.273264 0.320000 0.196528 0.100000
256 0.361111 0.318889 0.204167 0.148889
264 0.537847 0.200556 0.199306 0.234444
168 0.311458 0.182222 0.260417 0.271111
253 0.310069 0.555556 0.189583 0.228889
216 0.429167 0.357222 0.198611 0.205556
84 0.426389 0.146111 0.212500 0.238889
302 0.389236 0.498889 0.215972 0.222222
77 0.592361 0.390000 0.486111 0.266667
116 0.555903 0.435000 0.227083 0.256667
8 0.445139 0.445556 0.173611 0.555556
111 0.289236 0.513889 0.261806 0.247778
14 0.329861 0.158889 0.318056 0.215556
301 0.562500 0.483889 0.244444 0.167778