209 0.500347 0.451111 0.215972 0.277778
12 0.504167 0.425556 0.318056 0.191111
167 0.588889 0.436667 0.162500 0.146667
94 0.550347 0.266667 0.263194 0.246667
193 0.505903 0.247222 0.227083 0.205556
164 0.202431 0.159444 0.268750 0.150000
158 0.314583 0.445556 0.347222 0.388889
76 0.303472 0.352222 0.486111 0.266667
180 0.214583 0.128889 0.234722 0.111111
70 0.403472 0.144444 0.172222 0.140000
203 0.228125 0.293889 0.143750 0.212222
57 0.295833 0.337222 0.263889 0.090000
276 0.436806 0.294444 0.529167 0.088889
99 0.386458 0.344444 0.182639 0.240000
25 0.560417 0.468889 0.097222 0.048889
217 0.175000 0.345556 0.245833 0.240000
285 0.648958 0.316667 0.345139 0.200000
298 0.741319 0.160556 0.521528 0.067778
66 0.483333 0.581111 0.222222 0.422222
309 0.584722 0.102778 0.268056 0.141111
110 0.222222 0.398333 0.237500 0.187778