221 0.512153 0.179444 0.209028 0.143333
110 0.499306 0.520000 0.172222 0.273333
191 0.472222 0.265000 0.209722 0.150000
232 0.503125 0.428333 0.202083 0.241111
68 0.262500 0.278889 0.222222 0.422222
312 0.470139 0.247778 0.172222 0.204444
50 0.478819 0.457778 0.214583 0.071111
51 0.455556 0.105556 0.212500 0.066667
234 0.200000 0.158333 0.193056 0.138889
41 0.584028 0.412222 0.243056 0.077778
199 0.562847 0.546667 0.200694 0.268889
99 0.306597 0.101111 0.225694 0.142222
71 0.282292 0.220556 0.195139 0.190000
244 0.308333 0.390000 0.259722 0.268889
316 0.269792 0.161111 0.195139 0.257778
103 0.382639 0.423333 0.165278 0.142222
72 0.293056 0.566111 0.191667 0.263333