257 0.420139 0.185000 0.151389 0.121111
267 0.550347 0.254444 0.218750 0.275556
278 0.450347 0.120556 0.536806 0.192222
39 0.209028 0.097778 0.243056 0.077778
74 0.284028 0.182222 0.486111 0.266667
227 0.489583 0.124444 0.195833 0.188889
238 0.307986 0.135556 0.245139 0.180000
57 0.223958 0.267222 0.231250 0.081111
155 0.570139 0.233333 0.347222 0.388889
181 0.533681 0.423333 0.184028 0.255556
279 0.660069 0.278333 0.499306 0.150000
158 0.261806 0.622222 0.347222 0.388889
266 0.403472 0.384444 0.179167 0.202222
140 0.175694 0.163333 0.168056 0.122222
294 0.298264 0.412778 0.336806 0.150000
196 0.343750 0.498333 0.143056 0.145556
131 0.454861 0.238889 0.272222 0.277778
228 0.470139 0.327222 0.170833 0.176667
280 0.429167 0.145556 0.337500 0.193333
23 0.248611 0.086667 0.033333 0.053333
311 0.428819 0.532778 0.186806 0.205556