277 0.220833 0.459444 0.281944 0.218889
96 0.588194 0.371667 0.252778 0.265556
109 0.194792 0.322778 0.229861 0.238889
87 0.584028 0.417778 0.162500 0.128889
47 0.518403 0.094444 0.249306 0.093333
143 0.181597 0.474444 0.160417 0.271111
273 0.138889 0.463333 0.184722 0.242222
77 0.755556 0.360000 0.486111 0.266667
265 0.613542 0.514444 0.210417 0.220000
92 0.571528 0.192778 0.162500 0.198889
123 0.257986 0.185000 0.160417 0.245556
247 0.530208 0.442222 0.185417 0.155556
183 0.293403 0.198889 0.247917 0.151111
211 0.112500 0.360000 0.150000 0.246667
33 0.322222 0.244444 0.097222 0.048889
27 0.499306 0.163333 0.097222 0.048889
206 0.491667 0.274444 0.243056 0.077778
269 0.554167 0.510556 0.268056 0.210000
95 0.352431 0.468333 0.242361 0.232222
307 0.340972 0.301667 0.198611 0.138889
278 0.667014 0.477778 0.450694 0.160000
26 0.127083 0.328889 0.097222 0.048889
264 0.419444 0.333889 0.266667 0.207778
147 0.361111 0.541111 0.334722 0.535556
29 0.548264 0.153333 0.107639 0.053333