281 0.410069 0.113333 0.279861 0.168889
115 0.303125 0.217778 0.213194 0.244444
286 0.211806 0.201111 0.393056 0.135556
47 0.445486 0.164444 0.267361 0.093333
260 0.543056 0.373333 0.276389 0.177778
227 0.352431 0.202222 0.240972 0.197778
223 0.460764 0.343889 0.197917 0.225556
197 0.219444 0.233333 0.184722 0.137778
245 0.176389 0.106667 0.247222 0.160000
148 0.353819 0.390000 0.186806 0.266667
36 0.311111 0.464444 0.243056 0.077778
114 0.421528 0.287778 0.138889 0.144444
283 0.629167 0.100556 0.543056 0.110000
299 0.478819 0.343889 0.256250 0.196667
153 0.495833 0.544444 0.347222 0.388889
44 0.245139 0.111111 0.243056 0.077778
285 0.386111 0.142222 0.419444 0.206667
7 0.490972 0.401111 0.173611 0.555556
89 0.386458 0.388333 0.170139 0.156667
25 0.388889 0.228889 0.097222 0.048889
30 0.216319 0.200000 0.104861 0.053333
68 0.381250 0.423333 0.222222 0.422222
185 0.477083 0.300000 0.145833 0.224444