235 0.428125 0.175556 0.186806 0.226667
66 0.492361 0.236667 0.222222 0.422222
207 0.530556 0.376667 0.222222 0.422222
188 0.568056 0.409444 0.183333 0.238889
254 0.110417 0.230556 0.152778 0.241111
159 0.376042 0.276667 0.232639 0.128889
134 0.307292 0.415556 0.164583 0.162222
251 0.404514 0.292778 0.239583 0.178889
289 0.593750 0.485000 0.473611 0.178889
90 0.450694 0.400000 0.444444 0.444444
160 0.571875 0.391111 0.228472 0.166667
125 0.526736 0.523333 0.238194 0.248889
203 0.422569 0.216111 0.145139 0.167778
54 0.492014 0.335556 0.196528 0.095556