266 0.296875 0.236111 0.178472 0.225556
195 0.450694 0.376667 0.262500 0.122222
41 0.352778 0.128889 0.243056 0.077778
188 0.262847 0.198889 0.236806 0.251111
212 0.152431 0.309444 0.207639 0.181111
218 0.548958 0.417778 0.156250 0.253333
228 0.143403 0.260556 0.149306 0.263333
45 0.312500 0.376667 0.176389 0.093333
302 0.168056 0.207778 0.202778 0.264444
293 0.625347 0.235000 0.461806 0.145556
8 0.375694 0.361111 0.173611 0.555556
257 0.130903 0.127778 0.160417 0.162222
294 0.250347 0.226667 0.350694 0.075556
77 0.502083 0.341111 0.486111 0.266667
63 0.284722 0.436667 0.222222 0.422222
47 0.167014 0.137222 0.222917 0.103333
233 0.522569 0.427222 0.189583 0.196667
306 0.139236 0.132778 0.240972 0.172222
255 0.596875 0.534444 0.257639 0.204444
174 0.528472 0.115556 0.097222 0.048889
111 0.565625 0.210556 0.171528 0.174444
299 0.086806 0.270556 0.141667 0.236667