157 0.435417 0.330000 0.347222 0.388889
144 0.274306 0.370000 0.219444 0.246667
56 0.603125 0.350000 0.234028 0.082222
313 0.580208 0.288333 0.156250 0.114444
253 0.420833 0.435000 0.200000 0.152222
108 0.542708 0.207778 0.140972 0.117778
284 0.635764 0.343333 0.295139 0.095556
125 0.470486 0.380556 0.193750 0.112222
244 0.168056 0.245000 0.179167 0.130000
185 0.517708 0.263889 0.159028 0.232222
104 0.125347 0.451667 0.196528 0.261111
45 0.399653 0.473889 0.189583 0.076667
199 0.529167 0.156111 0.176389 0.134444