154 0.548611 0.442222 0.347222 0.388889
271 0.281944 0.196111 0.247222 0.183333
140 0.249306 0.451667 0.273611 0.225556
143 0.346528 0.195556 0.206944 0.197778
164 0.310417 0.183333 0.254167 0.180000
222 0.538194 0.290000 0.162500 0.220000
152 0.347569 0.460556 0.265972 0.187778
160 0.633333 0.215556 0.276389 0.193333
308 0.287153 0.405000 0.193750 0.143333
316 0.221875 0.359444 0.256250 0.172222
65 0.168056 0.506667 0.222222 0.422222
11 0.236806 0.425556 0.419444 0.200000
136 0.361806 0.309444 0.147222 0.201111
14 0.495486 0.332222 0.546528 0.142222
57 0.464236 0.360000 0.182639 0.084444
313 0.531944 0.244444 0.229167 0.195556
138 0.245833 0.540000 0.175000 0.208889
101 0.446181 0.215000 0.250694 0.145556
283 0.738194 0.405556 0.555556 0.128889
44 0.144444 0.228889 0.243056 0.077778
212 0.245139 0.333889 0.183333 0.247778