115 0.513542 0.159444 0.153472 0.245556
71 0.246528 0.238889 0.229167 0.142222
213 0.340625 0.502222 0.265972 0.164444
90 0.502778 0.308889 0.444444 0.444444
69 0.341667 0.530000 0.222222 0.422222
50 0.253472 0.105556 0.244444 0.084444
112 0.124306 0.433889 0.216667 0.205556
87 0.164931 0.451111 0.243750 0.124444
82 0.141319 0.430000 0.228472 0.142222
175 0.351389 0.297778 0.097222 0.048889
145 0.492014 0.399444 0.206250 0.274444
203 0.255208 0.489444 0.177083 0.207778
75 0.490972 0.442222 0.486111 0.266667
200 0.088889 0.343333 0.097222 0.048889
116 0.153819 0.142222 0.149306 0.200000
147 0.297917 0.331111 0.334722 0.535556