22 0.142361 0.074444 0.033333 0.053333
200 0.255556 0.295556 0.097222 0.048889
260 0.611111 0.121111 0.218056 0.188889
27 0.471528 0.117778 0.097222 0.048889
151 0.176736 0.557222 0.217361 0.236667
52 0.496181 0.265000 0.231250 0.078889
33 0.131250 0.177778 0.097222 0.048889
197 0.287153 0.503889 0.234028 0.223333
99 0.438889 0.478889 0.179167 0.168889
276 0.430903 0.295000 0.324306 0.143333
188 0.456250 0.287778 0.200000 0.202222
178 0.215278 0.435556 0.163889 0.195556
249 0.427778 0.523333 0.148611 0.180000
78 0.544444 0.158333 0.206944 0.163333