223 0.182986 0.280000 0.184028 0.208889
302 0.322222 0.473333 0.211111 0.237778
97 0.490278 0.423889 0.234722 0.121111
212 0.586111 0.204444 0.212500 0.175556
262 0.098264 0.257778 0.165972 0.155556
190 0.372222 0.448333 0.236111 0.161111
181 0.633333 0.358333 0.247222 0.230000
165 0.268056 0.426667 0.187500 0.268889
203 0.155556 0.176111 0.213889 0.187778
5 0.573611 0.471111 0.431944 0.146667
162 0.155208 0.401111 0.165972 0.202222
215 0.530556 0.298333 0.254167 0.136667
88 0.528125 0.282778 0.261806 0.134444
94 0.287847 0.246667 0.261806 0.122222
145 0.558681 0.478889 0.243750 0.124444
204 0.273264 0.400556 0.211806 0.152222
143 0.129861 0.147222 0.206944 0.221111
74 0.388194 0.493333 0.486111 0.266667