97 0.319792 0.383333 0.243750 0.242222
32 0.452778 0.137778 0.090278 0.053333
34 0.141667 0.271111 0.097222 0.048889
208 0.551042 0.196111 0.153472 0.272222
53 0.241319 0.219444 0.253472 0.076667
250 0.276736 0.203333 0.277083 0.255556
188 0.297222 0.140000 0.265278 0.195556
259 0.372222 0.232778 0.250000 0.270000
77 0.326389 0.368889 0.486111 0.266667
183 0.269097 0.321111 0.254861 0.248889
270 0.284722 0.507222 0.204167 0.170000
46 0.369444 0.393889 0.211111 0.087778
210 0.281944 0.182778 0.250000 0.256667
268 0.445139 0.207778 0.156944 0.177778
60 0.164931 0.287778 0.259028 0.080000