85 0.468056 0.523889 0.245833 0.238889
10 0.367361 0.095000 0.470833 0.105556
141 0.520486 0.522778 0.192361 0.174444
144 0.591319 0.419444 0.264583 0.165556
229 0.177778 0.293333 0.247222 0.111111
112 0.273611 0.156667 0.255556 0.140000
35 0.122917 0.287778 0.097222 0.048889
217 0.443056 0.093889 0.193056 0.114444
52 0.514583 0.400556 0.231944 0.090000
309 0.143056 0.332222 0.216667 0.260000
311 0.465278 0.182778 0.213889 0.132222
34 0.182639 0.182222 0.097222 0.048889
301 0.189236 0.295556 0.215972 0.273333
294 0.251389 0.426111 0.373611 0.147778
32 0.481597 0.136667 0.106250 0.040000
235 0.353819 0.159444 0.159028 0.241111