159 0.278819 0.164444 0.142361 0.120000
238 0.423611 0.175556 0.247222 0.144444
209 0.304167 0.373333 0.195833 0.182222
85 0.374653 0.390556 0.235417 0.272222
218 0.566667 0.372222 0.265278 0.226667
90 0.547222 0.422222 0.444444 0.444444
113 0.542708 0.461667 0.163194 0.145556
274 0.240278 0.249444 0.220833 0.227778
12 0.482639 0.285000 0.537500 0.114444
73 0.522222 0.211111 0.248611 0.168889
158 0.297917 0.445556 0.347222 0.388889
259 0.378819 0.451667 0.207639 0.158889
65 0.264583 0.456667 0.222222 0.422222
119 0.533333 0.413889 0.179167 0.205556
28 0.194444 0.271111 0.243056 0.077778
271 0.214931 0.318889 0.149306 0.171111
313 0.388889 0.421667 0.154167 0.121111
89 0.635417 0.361667 0.256944 0.227778
248 0.401389 0.196667 0.277778 0.162222
42 0.531944 0.383333 0.243056 0.077778