38 0.634028 0.482222 0.243056 0.077778
116 0.405556 0.150556 0.172222 0.121111
133 0.159028 0.383889 0.262500 0.125556
43 0.463194 0.412222 0.243056 0.077778
124 0.152778 0.290556 0.220833 0.276667
284 0.332639 0.475000 0.405556 0.121111
259 0.347569 0.538333 0.163194 0.263333
272 0.299653 0.393333 0.222917 0.124444
157 0.236111 0.322222 0.347222 0.388889
212 0.518056 0.523333 0.211111 0.262222
14 0.567014 0.281111 0.463194 0.066667
11 0.544097 0.370000 0.513194 0.217778
131 0.566667 0.183333 0.151389 0.160000
236 0.178819 0.248333 0.225694 0.214444
174 0.143056 0.410000 0.097222 0.048889
234 0.107639 0.437778 0.169444 0.140000
135 0.231250 0.350556 0.225000 0.247778