40 0.193750 0.111111 0.243056 0.077778
177 0.448264 0.371667 0.149306 0.225556
90 0.681944 0.476667 0.444444 0.444444
201 0.122222 0.133333 0.097222 0.048889
17 0.468056 0.506111 0.408333 0.194444
210 0.322222 0.100000 0.184722 0.117778
265 0.520833 0.397222 0.258333 0.158889
64 0.479861 0.396667 0.222222 0.422222
86 0.457639 0.421111 0.218056 0.200000
99 0.510417 0.518889 0.277778 0.228889
293 0.707292 0.117222 0.539583 0.183333
268 0.216319 0.463889 0.181250 0.158889
240 0.551042 0.416667 0.185417 0.237778
305 0.162847 0.480556 0.170139 0.252222
98 0.438194 0.418889 0.263889 0.215556
220 0.337500 0.441667 0.256944 0.207778
186 0.455208 0.248889 0.228472 0.264444
123 0.172917 0.460556 0.223611 0.167778
154 0.457639 0.451111 0.347222 0.388889
291 0.412153 0.065000 0.471528 0.085556
297 0.428125 0.263889 0.340972 0.083333
192 0.367708 0.160556 0.139583 0.272222
63 0.551389 0.556667 0.222222 0.422222
80 0.344097 0.328333 0.159028 0.247778