291 0.315625 0.388333 0.504861 0.212222
271 0.240278 0.408889 0.184722 0.253333
244 0.431944 0.288889 0.245833 0.253333
159 0.615278 0.308333 0.238889 0.114444
311 0.534028 0.394444 0.193056 0.264444
134 0.123264 0.111667 0.199306 0.172222
314 0.233681 0.203333 0.153472 0.211111
58 0.222222 0.307222 0.258333 0.110000
173 0.097917 0.432222 0.097222 0.048889
238 0.382639 0.195000 0.256944 0.236667
196 0.539236 0.157778 0.193750 0.271111
227 0.609028 0.267222 0.270833 0.123333
42 0.176389 0.381111 0.243056 0.077778
67 0.503472 0.300000 0.222222 0.422222
223 0.233333 0.471667 0.188889 0.130000
128 0.283333 0.335556 0.155556 0.228889
122 0.126736 0.198889 0.189583 0.271111
87 0.271181 0.378889 0.261806 0.217778
299 0.355208 0.424444 0.174306 0.180000