117 0.547917 0.483889 0.269444 0.198889
189 0.272222 0.264444 0.181944 0.117778
291 0.709028 0.443333 0.437500 0.155556
146 0.265625 0.335556 0.250694 0.268889
113 0.205903 0.375556 0.186806 0.202222
2 0.988889 0.063333 1.000000 0.066667
15 0.127083 0.115556 0.097222 0.048889
284 0.453472 0.344444 0.305556 0.115556
84 0.237153 0.394444 0.163194 0.131111
110 0.328125 0.260556 0.184028 0.165556
125 0.430903 0.106111 0.252083 0.163333
58 0.352431 0.236111 0.270139 0.107778
172 0.505208 0.527778 0.256250 0.177778
156 0.213194 0.471111 0.347222 0.388889
303 0.458333 0.331111 0.218056 0.246667
122 0.506944 0.351667 0.183333 0.270000
203 0.560417 0.524444 0.273611 0.266667
64 0.307639 0.375556 0.222222 0.422222
209 0.583681 0.322222 0.220139 0.226667
124 0.514583 0.275000 0.229167 0.152222
119 0.550347 0.473889 0.228472 0.141111