97 0.167014 0.367222 0.154861 0.230000
283 0.698264 0.286667 0.378472 0.106667
93 0.486458 0.460000 0.150694 0.124444
42 0.148611 0.404444 0.243056 0.077778
224 0.358333 0.392778 0.222222 0.141111
158 0.333333 0.602222 0.347222 0.388889
171 0.125347 0.170000 0.207639 0.146667
119 0.618750 0.418889 0.261111 0.126667
79 0.178472 0.368333 0.218056 0.183333
243 0.312847 0.208333 0.179861 0.172222
262 0.347917 0.174444 0.200000 0.213333
244 0.395139 0.350000 0.144444 0.148889
218 0.566667 0.156667 0.180556 0.122222
112 0.164583 0.120556 0.165278 0.192222