240 0.290625 0.309444 0.182639 0.176667
192 0.594792 0.287222 0.240972 0.267778
168 0.260417 0.346667 0.237500 0.262222
76 0.600694 0.524444 0.486111 0.266667
270 0.490278 0.437222 0.227778 0.174444
149 0.549306 0.568889 0.252778 0.404444
186 0.293750 0.270000 0.213889 0.186667
96 0.247569 0.221667 0.196528 0.261111
130 0.304514 0.178889 0.272917 0.164444
77 0.290278 0.217778 0.486111 0.266667
271 0.438889 0.412778 0.223611 0.163333
78 0.503472 0.468889 0.150000 0.235556
251 0.354861 0.275556 0.238889 0.160000
47 0.392361 0.461111 0.226389 0.086667
13 0.423264 0.165000 0.429861 0.212222
42 0.282639 0.130000 0.243056 0.077778
248 0.387847 0.372222 0.221528 0.195556
90 0.563889 0.263333 0.444444 0.444444
139 0.144444 0.175000 0.227778 0.170000
158 0.545833 0.604444 0.347222 0.388889