175 0.250000 0.087778 0.097222 0.048889
144 0.238194 0.323889 0.230556 0.190000
306 0.484722 0.431667 0.212500 0.132222
199 0.155556 0.187222 0.163889 0.236667
158 0.659028 0.364444 0.347222 0.388889
309 0.395833 0.170556 0.140278 0.167778
131 0.444792 0.297778 0.271528 0.220000
109 0.211806 0.480556 0.266667 0.165556
53 0.390972 0.233889 0.256944 0.101111
150 0.286111 0.445556 0.258333 0.111111
194 0.490972 0.258889 0.163889 0.251111
248 0.534722 0.447778 0.180556 0.144444
39 0.488194 0.115556 0.243056 0.077778
192 0.123611 0.188889 0.195833 0.120000
93 0.399306 0.282222 0.251389 0.262222
76 0.672222 0.277778 0.486111 0.266667
172 0.242361 0.130556 0.169444 0.167778
5 0.576736 0.383333 0.500694 0.144444
154 0.255556 0.514444 0.347222 0.388889
209 0.367014 0.191111 0.240972 0.137778
201 0.270139 0.420000 0.097222 0.048889
114 0.564583 0.471667 0.138889 0.258889
103 0.270486 0.533889 0.249306 0.265556
82 0.435069 0.280556 0.220139 0.147778
133 0.203819 0.218333 0.264583 0.127778