59 0.343056 0.112222 0.216667 0.086667
177 0.315625 0.145000 0.168750 0.174444
309 0.160417 0.530556 0.244444 0.263333
215 0.396181 0.143889 0.156250 0.203333
157 0.431944 0.575556 0.347222 0.388889
19 0.125000 0.266667 0.097222 0.048889
11 0.540278 0.315556 0.434722 0.213333
101 0.577778 0.338889 0.219444 0.184444
124 0.212847 0.210556 0.257639 0.190000
226 0.529861 0.427778 0.097222 0.048889
102 0.434028 0.371111 0.444444 0.444444
311 0.438194 0.248889 0.151389 0.222222
193 0.280556 0.437222 0.237500 0.241111
294 0.406944 0.160556 0.470833 0.176667
173 0.397222 0.383333 0.097222 0.048889
122 0.484028 0.117222 0.273611 0.141111
90 0.451389 0.442222 0.444444 0.444444
235 0.125694 0.184444 0.156944 0.208889
270 0.323264 0.179444 0.263194 0.272222
183 0.157639 0.422778 0.265278 0.265556