280 0.603125 0.400000 0.429861 0.133333
181 0.392361 0.209444 0.236111 0.183333
279 0.677778 0.500000 0.475000 0.148889
134 0.525347 0.311111 0.234028 0.262222
120 0.590278 0.319444 0.208333 0.261111
295 0.236458 0.419444 0.329861 0.165556
311 0.178819 0.507222 0.160417 0.145556
303 0.186806 0.402222 0.200000 0.217778
288 0.486111 0.366667 0.429167 0.082222
159 0.289236 0.141667 0.157639 0.210000
5 0.695486 0.203333 0.452083 0.135556
94 0.404861 0.293889 0.261111 0.185556
315 0.451736 0.419444 0.214583 0.238889
306 0.337500 0.080000 0.188889 0.111111
249 0.504167 0.213333 0.241667 0.264444
62 0.190278 0.190000 0.243056 0.077778
302 0.501736 0.336667 0.182639 0.111111
148 0.597569 0.406111 0.171528 0.270000
188 0.489583 0.505556 0.227778 0.220000
263 0.354514 0.185556 0.253472 0.237778
96 0.430208 0.308333 0.234028 0.178889
255 0.441667 0.224444 0.143056 0.182222
193 0.229861 0.323333 0.276389 0.151111
22 0.475000 0.398889 0.033333 0.053333
189 0.370139 0.511667 0.180556 0.207778