49 0.581944 0.238333 0.190278 0.094444
10 0.318056 0.442222 0.537500 0.151111
282 0.311458 0.350556 0.529861 0.216667
255 0.563542 0.330556 0.200694 0.227778
186 0.585417 0.100000 0.254167 0.148889
247 0.245486 0.468889 0.153472 0.226667
152 0.447569 0.391667 0.203472 0.138889
4 0.611806 0.195000 0.408333 0.167778
228 0.299653 0.330556 0.254861 0.138889
137 0.463542 0.347778 0.235417 0.168889
46 0.298264 0.420000 0.252083 0.077778
18 0.390972 0.359444 0.376389 0.221111
67 0.463194 0.600000 0.222222 0.422222
143 0.262847 0.166111 0.177083 0.127778
111 0.336111 0.112222 0.248611 0.164444
70 0.197569 0.257778 0.231250 0.135556
23 0.338889 0.272222 0.033333 0.053333
296 0.630903 0.457778 0.488194 0.157778
54 0.562153 0.424444 0.264583 0.071111
244 0.236806 0.370556 0.161111 0.198889
45 0.527778 0.112778 0.201389 0.078889
102 0.409028 0.342222 0.444444 0.444444
261 0.165972 0.344444 0.183333 0.233333
77 0.704861 0.378889 0.486111 0.266667
178 0.266319 0.388333 0.161806 0.276667