60 0.584028 0.223333 0.241667 0.108889
49 0.196528 0.479444 0.216667 0.081111
145 0.402431 0.418889 0.204861 0.273333
315 0.229167 0.456111 0.220833 0.123333
32 0.307986 0.188333 0.121528 0.052222
279 0.670139 0.093889 0.420833 0.127778
291 0.441319 0.432778 0.385417 0.165556
244 0.233681 0.456667 0.140972 0.200000
106 0.495833 0.217778 0.193056 0.142222
187 0.311458 0.247222 0.264583 0.223333
191 0.555208 0.427222 0.209028 0.134444
85 0.345139 0.221667 0.219444 0.221111
46 0.505556 0.429444 0.211111 0.098889
276 0.749653 0.394444 0.520139 0.084444
10 0.577431 0.337222 0.286806 0.143333
288 0.654514 0.350556 0.340972 0.165556
314 0.322569 0.137778 0.202083 0.180000
101 0.568750 0.394444 0.252778 0.115556
118 0.340278 0.336111 0.237500 0.265556
42 0.573611 0.223333 0.243056 0.077778
70 0.266319 0.196111 0.243750 0.207778
41 0.531944 0.431111 0.243056 0.077778
84 0.229167 0.471111 0.166667 0.255556
301 0.446181 0.493333 0.256250 0.237778
253 0.359722 0.444444 0.263889 0.166667