239 0.241667 0.391111 0.272222 0.248889
213 0.315972 0.324444 0.223611 0.133333
220 0.185069 0.387778 0.189583 0.133333
59 0.376736 0.107778 0.206250 0.100000
22 0.461111 0.107778 0.033333 0.053333
86 0.328472 0.383333 0.250000 0.177778
41 0.206250 0.210000 0.243056 0.077778
133 0.430208 0.475000 0.215972 0.150000
115 0.447222 0.480556 0.222222 0.174444
263 0.269097 0.326667 0.214583 0.168889
46 0.239583 0.157778 0.252778 0.080000
225 0.158333 0.387778 0.097222 0.048889
75 0.370833 0.251111 0.486111 0.266667
142 0.163194 0.515556 0.175000 0.248889
174 0.313194 0.181111 0.097222 0.048889
188 0.281250 0.280556 0.170833 0.174444
240 0.505208 0.283333 0.177083 0.233333
183 0.505556 0.192222 0.158333 0.228889
110 0.562500 0.292222 0.219444 0.268889
236 0.622569 0.544444 0.227083 0.220000
231 0.543403 0.378333 0.221528 0.254444
124 0.578819 0.142222 0.179861 0.193333