184 0.626389 0.470000 0.268056 0.266667
250 0.577431 0.187778 0.177083 0.242222
78 0.294444 0.365000 0.140278 0.172222
221 0.290972 0.143333 0.237500 0.182222
204 0.188542 0.143889 0.227083 0.167778
239 0.336111 0.194444 0.138889 0.182222
165 0.511806 0.313333 0.252778 0.133333
67 0.456944 0.548889 0.222222 0.422222
186 0.570486 0.458333 0.204861 0.258889
274 0.372917 0.225000 0.275000 0.252222
195 0.197222 0.473333 0.205556 0.233333
118 0.311806 0.222778 0.188889 0.181111
220 0.582292 0.237778 0.149306 0.257778
2 0.968056 0.317778 1.000000 0.066667
35 0.245139 0.112222 0.097222 0.048889
303 0.381944 0.197222 0.216667 0.116667
308 0.574306 0.284444 0.259722 0.133333
106 0.514583 0.188333 0.154167 0.216667
307 0.147222 0.356111 0.233333 0.223333
199 0.310764 0.337222 0.253472 0.141111
150 0.189583 0.142778 0.223611 0.116667
19 0.529167 0.245556 0.097222 0.048889