288 0.440972 0.248889 0.280556 0.068889
39 0.229167 0.427778 0.243056 0.077778
224 0.152431 0.320000 0.245139 0.215556
163 0.181944 0.348333 0.219444 0.232222
123 0.140972 0.160556 0.177778 0.252222
212 0.116319 0.359444 0.152083 0.158889
76 0.460417 0.226667 0.486111 0.266667
126 0.259028 0.318889 0.156944 0.124444
54 0.285069 0.111111 0.175694 0.080000
68 0.395139 0.401111 0.222222 0.422222
289 0.297222 0.473889 0.348611 0.094444
177 0.164583 0.106667 0.173611 0.122222
273 0.142014 0.331111 0.243750 0.180000
33 0.104861 0.292222 0.097222 0.048889
137 0.276736 0.185000 0.165972 0.207778
208 0.424653 0.186111 0.245139 0.218889
263 0.530903 0.296111 0.146528 0.272222
162 0.561806 0.277778 0.266667 0.133333
269 0.125000 0.251667 0.159722 0.192222
0 0.820833 0.240000 1.000000 0.066667