272 0.114931 0.525556 0.182639 0.273333
177 0.362500 0.514444 0.211111 0.160000
217 0.495486 0.458333 0.175694 0.245556
257 0.450694 0.402778 0.243056 0.221111
107 0.394097 0.400556 0.153472 0.227778
89 0.561806 0.160000 0.190278 0.235556
260 0.487847 0.183333 0.277083 0.248889
192 0.298611 0.128333 0.215278 0.143333
130 0.419444 0.190000 0.225000 0.188889
2 0.915972 0.405556 1.000000 0.066667
185 0.364931 0.344444 0.240972 0.162222
255 0.617361 0.254444 0.236111 0.137778
26 0.400000 0.294444 0.097222 0.048889
56 0.363542 0.335556 0.182639 0.080000
294 0.782639 0.313889 0.555556 0.094444
226 0.070833 0.161111 0.097222 0.048889
140 0.461458 0.533333 0.238194 0.228889
136 0.440972 0.359444 0.273611 0.250000
91 0.261111 0.533333 0.275000 0.222222