3 0.955556 0.206667 1.000000 0.066667
314 0.468403 0.547778 0.171528 0.233333
107 0.237847 0.279444 0.250694 0.150000
206 0.436806 0.347778 0.243056 0.077778
282 0.706597 0.070000 0.553472 0.066667
199 0.302778 0.273333 0.213889 0.248889
64 0.327083 0.275556 0.222222 0.422222
194 0.517708 0.261667 0.218750 0.152222
203 0.378125 0.558333 0.174306 0.270000
47 0.481250 0.256667 0.259722 0.095556
110 0.329514 0.255556 0.203472 0.255556
209 0.592361 0.356667 0.205556 0.153333
79 0.215972 0.561111 0.237500 0.244444
150 0.103819 0.426111 0.157639 0.214444
19 0.243056 0.366667 0.097222 0.048889
222 0.363889 0.176111 0.270833 0.198889
211 0.210069 0.526111 0.267361 0.225556
111 0.188194 0.501111 0.256944 0.273333
71 0.520486 0.260000 0.206250 0.193333
228 0.320139 0.267222 0.148611 0.207778
45 0.595833 0.298333 0.209722 0.067778
113 0.277778 0.337778 0.198611 0.200000
87 0.480208 0.244444 0.178472 0.124444
92 0.172222 0.316111 0.216667 0.138889