80 0.390972 0.383333 0.229167 0.140000
19 0.475694 0.324444 0.097222 0.048889
242 0.213542 0.335556 0.246528 0.222222
288 0.740972 0.502222 0.486111 0.128889
63 0.606250 0.353333 0.222222 0.422222
37 0.498611 0.094444 0.243056 0.077778
48 0.180556 0.310556 0.173611 0.067778
79 0.364931 0.199444 0.179861 0.245556
53 0.144792 0.081667 0.250694 0.094444
300 0.428472 0.340000 0.486111 0.266667
174 0.246528 0.447778 0.097222 0.048889
232 0.221181 0.516111 0.181250 0.156667
216 0.528125 0.231667 0.231250 0.141111
113 0.317361 0.127778 0.162500 0.184444
171 0.198611 0.503333 0.140278 0.122222
75 0.483333 0.278889 0.486111 0.266667
262 0.537847 0.439444 0.150694 0.176667
99 0.202778 0.228889 0.223611 0.220000
7 0.398611 0.421111 0.173611 0.555556
119 0.423958 0.438333 0.243750 0.138889
205 0.363889 0.442222 0.173611 0.197778