170 0.434722 0.365556 0.238889 0.213333
267 0.404514 0.313889 0.220139 0.147778
311 0.296528 0.181667 0.204167 0.165556
70 0.341667 0.462778 0.155556 0.143333
215 0.200347 0.247222 0.200694 0.263333
239 0.252778 0.365000 0.156944 0.261111
164 0.427431 0.497778 0.149306 0.242222
39 0.318056 0.312222 0.243056 0.077778
227 0.192708 0.175000 0.147917 0.207778
73 0.530903 0.349444 0.197917 0.181111
314 0.565625 0.145000 0.167361 0.163333
252 0.520833 0.347778 0.183333 0.171111
260 0.269792 0.145556 0.249306 0.224444
23 0.197917 0.397778 0.033333 0.053333
222 0.331250 0.195000 0.277778 0.134444
309 0.428125 0.491667 0.170139 0.185556
76 0.496528 0.441111 0.486111 0.266667
56 0.426736 0.107222 0.222917 0.098889
118 0.245139 0.171667 0.188889 0.118889
126 0.389236 0.475556 0.178472 0.142222