274 0.434375 0.323333 0.179861 0.146667
24 0.371528 0.424444 0.097222 0.048889
143 0.509722 0.535000 0.215278 0.218889
166 0.140625 0.207778 0.207639 0.137778
290 0.601736 0.361111 0.349306 0.217778
153 0.518750 0.227778 0.347222 0.388889
116 0.575347 0.567778 0.159028 0.262222
43 0.454861 0.152222 0.243056 0.077778
167 0.245486 0.381667 0.252083 0.261111
128 0.455556 0.295000 0.187500 0.145556
246 0.489236 0.117222 0.264583 0.112222
4 0.241667 0.095556 0.336111 0.091111
8 0.162500 0.545556 0.173611 0.555556
296 0.637500 0.416111 0.368056 0.207778
161 0.599306 0.277778 0.277778 0.186667
306 0.283681 0.157222 0.217361 0.263333
157 0.253472 0.232222 0.347222 0.388889
21 0.520833 0.394444 0.097222 0.048889
148 0.552431 0.557778 0.142361 0.260000
299 0.430556 0.315000 0.215278 0.198889
46 0.600347 0.075000 0.197917 0.105556
208 0.500347 0.245000 0.204861 0.272222
201 0.259722 0.277778 0.097222 0.048889
146 0.260417 0.196111 0.229167 0.258889
272 0.203819 0.497778 0.177083 0.208889