60 0.511806 0.425000 0.194444 0.110000
250 0.247222 0.411111 0.245833 0.202222
287 0.643403 0.085000 0.518750 0.085556
225 0.151389 0.200000 0.097222 0.048889
247 0.365625 0.362222 0.250694 0.162222
201 0.303472 0.322222 0.097222 0.048889
244 0.280208 0.377778 0.228472 0.117778
261 0.145486 0.246111 0.253472 0.201111
185 0.227778 0.262222 0.237500 0.233333
183 0.200347 0.173333 0.174306 0.128889
256 0.642014 0.106667 0.264583 0.164444
171 0.607986 0.136667 0.254861 0.128889
215 0.100347 0.477222 0.154861 0.214444
240 0.123958 0.198889 0.170139 0.233333
89 0.477778 0.553333 0.269444 0.235556
167 0.511806 0.403889 0.211111 0.207778
229 0.161111 0.157778 0.268056 0.128889
35 0.545833 0.073333 0.097222 0.048889
199 0.456944 0.234444 0.252778 0.237778
305 0.447917 0.327778 0.143056 0.184444
158 0.329167 0.377778 0.347222 0.388889