215 0.582986 0.478889 0.164583 0.137778
295 0.275000 0.258889 0.294444 0.133333
229 0.486806 0.266667 0.145833 0.151111
20 0.104861 0.242222 0.097222 0.048889
47 0.508333 0.231111 0.223611 0.068889
64 0.503472 0.245556 0.222222 0.422222
147 0.190972 0.367778 0.334722 0.535556
12 0.347917 0.113333 0.365278 0.173333
272 0.301736 0.545000 0.165972 0.267778
283 0.223611 0.473333 0.287500 0.086667
160 0.138542 0.262778 0.196528 0.216667
60 0.206597 0.116111 0.234028 0.092222
28 0.556944 0.106667 0.243056 0.077778
43 0.303472 0.118889 0.243056 0.077778
305 0.530903 0.455556 0.250694 0.208889
233 0.556597 0.213889 0.181250 0.214444
76 0.470139 0.510000 0.486111 0.266667
169 0.508681 0.501667 0.189583 0.207778
48 0.250000 0.395556 0.181944 0.088889
45 0.408333 0.070000 0.220833 0.082222
111 0.127431 0.181111 0.167361 0.140000