226 0.375000 0.192222 0.097222 0.048889
266 0.458681 0.297222 0.246528 0.196667
308 0.153819 0.205000 0.272917 0.223333
25 0.402083 0.124444 0.097222 0.048889
203 0.140278 0.341111 0.226389 0.275556
67 0.286806 0.288889 0.222222 0.422222
40 0.217361 0.154444 0.243056 0.077778
243 0.290972 0.272778 0.187500 0.207778
73 0.227778 0.541667 0.193056 0.227778
172 0.368750 0.183333 0.168056 0.237778
26 0.471528 0.135556 0.097222 0.048889
217 0.486458 0.225556 0.245139 0.144444
287 0.298611 0.181111 0.298611 0.202222
95 0.561806 0.156111 0.275000 0.165556
278 0.664931 0.359444 0.314583 0.196667
214 0.175000 0.095000 0.233333 0.145556
279 0.733333 0.325000 0.548611 0.121111
211 0.436458 0.379444 0.184028 0.127778
247 0.605903 0.234444 0.260417 0.233333
316 0.632292 0.499444 0.240972 0.132222
19 0.474306 0.426667 0.097222 0.048889
58 0.343750 0.209444 0.254167 0.103333
89 0.420139 0.483889 0.202778 0.163333
144 0.419444 0.412778 0.165278 0.141111
117 0.529861 0.218889 0.247222 0.180000