162 0.253125 0.223889 0.199306 0.230000
265 0.332639 0.280556 0.202778 0.223333
47 0.473611 0.173333 0.231944 0.093333
41 0.493750 0.075556 0.243056 0.077778
276 0.279514 0.414444 0.492361 0.144444
160 0.218056 0.158889 0.190278 0.166667
315 0.179514 0.488333 0.256250 0.196667
137 0.161458 0.471667 0.232639 0.241111
167 0.584722 0.416111 0.179167 0.167778
135 0.344097 0.159444 0.178472 0.150000
124 0.581944 0.160556 0.255556 0.172222
178 0.334028 0.354444 0.258333 0.220000
34 0.272917 0.306667 0.097222 0.048889
237 0.133333 0.353333 0.190278 0.202222
252 0.634028 0.421667 0.241667 0.138889
283 0.644792 0.485556 0.506250 0.111111
18 0.577778 0.467222 0.427778 0.121111
31 0.113889 0.191111 0.079167 0.040000