253 0.196875 0.231111 0.220139 0.273333
306 0.136111 0.328333 0.213889 0.190000
3 0.713194 0.304444 1.000000 0.066667
36 0.174306 0.313333 0.243056 0.077778
261 0.368403 0.312222 0.185417 0.151111
218 0.467708 0.264444 0.189583 0.182222
216 0.257292 0.235556 0.153472 0.164444
159 0.535417 0.309444 0.230556 0.172222
262 0.342014 0.321667 0.263194 0.245556
113 0.129861 0.545000 0.165278 0.272222
294 0.334028 0.507778 0.386111 0.126667
166 0.379861 0.240556 0.168056 0.232222
177 0.527083 0.560556 0.213889 0.252222
265 0.431944 0.494444 0.212500 0.235556
164 0.435764 0.323333 0.264583 0.260000
211 0.309375 0.144444 0.197917 0.173333
100 0.308333 0.272222 0.141667 0.197778
10 0.623264 0.452778 0.499306 0.081111
85 0.353125 0.421667 0.249306 0.125556
98 0.164583 0.443889 0.190278 0.143333
312 0.544444 0.403889 0.220833 0.127778
264 0.237847 0.487778 0.253472 0.195556