221 0.484722 0.300000 0.195833 0.273333
295 0.386111 0.369444 0.341667 0.107778
231 0.471181 0.104444 0.221528 0.142222
170 0.383681 0.182778 0.147917 0.203333
152 0.554514 0.425000 0.210417 0.183333
42 0.335417 0.454444 0.243056 0.077778
196 0.553472 0.186111 0.170833 0.270000
201 0.205556 0.203333 0.097222 0.048889
35 0.456944 0.253333 0.097222 0.048889
155 0.292361 0.265556 0.347222 0.388889
47 0.196528 0.129444 0.208333 0.074444
303 0.503819 0.327222 0.254861 0.156667
299 0.361458 0.471111 0.174306 0.113333