86 0.594792 0.435000 0.179861 0.176667
14 0.606944 0.158333 0.423611 0.192222
124 0.584375 0.230000 0.196528 0.164444
291 0.670139 0.324444 0.487500 0.153333
311 0.257986 0.203889 0.245139 0.252222
70 0.170486 0.301667 0.159028 0.192222
215 0.472569 0.362222 0.175694 0.115556
152 0.350347 0.463889 0.150694 0.161111
238 0.184375 0.346667 0.240972 0.253333
52 0.484375 0.220000 0.224306 0.091111
116 0.301042 0.163889 0.234028 0.185556
109 0.106597 0.336667 0.164583 0.224444
269 0.322569 0.316111 0.145139 0.132222
226 0.349306 0.421111 0.097222 0.048889
123 0.478819 0.442222 0.214583 0.168889
263 0.492361 0.403333 0.243056 0.126667
75 0.297222 0.517778 0.486111 0.266667
128 0.501042 0.185000 0.177083 0.201111
135 0.232292 0.145000 0.224306 0.214444
181 0.569097 0.176111 0.139583 0.258889
107 0.127083 0.354444 0.170833 0.115556