250 0.293750 0.205556 0.223611 0.228889
260 0.134028 0.307222 0.195833 0.161111
267 0.112153 0.416667 0.154861 0.255556
9 0.552083 0.590000 0.173611 0.555556
163 0.173611 0.195556 0.150000 0.277778
109 0.544097 0.193889 0.178472 0.270000
10 0.594792 0.256667 0.336806 0.191111
166 0.480556 0.263889 0.169444 0.214444
230 0.425694 0.401111 0.222222 0.422222
243 0.504861 0.434444 0.241667 0.184444
5 0.273958 0.242222 0.514583 0.144444
131 0.416319 0.239444 0.227083 0.256667
288 0.433681 0.196667 0.442361 0.082222
142 0.420833 0.530000 0.276389 0.251111
296 0.601042 0.156667 0.353472 0.093333
202 0.196875 0.455556 0.215972 0.122222
90 0.384722 0.307778 0.444444 0.444444
165 0.232292 0.556667 0.170139 0.255556
278 0.464931 0.428889 0.449306 0.155556
215 0.182292 0.354444 0.259028 0.117778
99 0.215278 0.506667 0.275000 0.173333
231 0.226389 0.353889 0.266667 0.185556
191 0.325000 0.272222 0.159722 0.122222
73 0.275347 0.552222 0.254861 0.257778
134 0.577778 0.152778 0.270833 0.212222