195 0.290625 0.530000 0.243750 0.200000
206 0.521528 0.221111 0.243056 0.077778
279 0.209375 0.110000 0.296528 0.113333
170 0.379861 0.225000 0.270833 0.114444
247 0.560069 0.369444 0.220139 0.272222
122 0.232986 0.182778 0.168750 0.267778
271 0.266667 0.501667 0.159722 0.276667
59 0.630208 0.177778 0.249306 0.077778
42 0.256944 0.327778 0.243056 0.077778
108 0.502431 0.328333 0.178472 0.256667
245 0.326389 0.372778 0.145833 0.158889
283 0.423958 0.284444 0.372917 0.086667
57 0.393056 0.067222 0.263889 0.078889
221 0.549306 0.339444 0.237500 0.236667
69 0.499306 0.315556 0.222222 0.422222
288 0.594444 0.228333 0.322222 0.163333
276 0.414931 0.252778 0.309028 0.150000
244 0.556597 0.348333 0.222917 0.163333
113 0.462847 0.487778 0.142361 0.122222
132 0.362153 0.280000 0.160417 0.122222
310 0.358681 0.221111 0.140972 0.273333
209 0.421528 0.447778 0.226389 0.202222
76 0.381944 0.235556 0.486111 0.266667
12 0.195486 0.302778 0.357639 0.132222