85 0.461806 0.406667 0.183333 0.148889
102 0.485417 0.531111 0.444444 0.444444
70 0.468403 0.504444 0.252083 0.148889
25 0.518750 0.247778 0.097222 0.048889
165 0.268056 0.212778 0.234722 0.241111
46 0.423958 0.358889 0.209028 0.104444
132 0.518750 0.469444 0.212500 0.232222
150 0.263194 0.375556 0.163889 0.135556
204 0.295486 0.378889 0.236806 0.277778
51 0.461806 0.365000 0.180556 0.090000
122 0.509375 0.265556 0.224306 0.240000
0 0.672917 0.060000 1.000000 0.066667
311 0.434375 0.537222 0.250694 0.214444
48 0.305556 0.340556 0.212500 0.098889
186 0.187847 0.270000 0.182639 0.188889
1 0.679861 0.348889 1.000000 0.066667