224 0.530208 0.459444 0.227083 0.156667
198 0.490278 0.271667 0.138889 0.216667
19 0.476389 0.415556 0.097222 0.048889
20 0.238889 0.198889 0.097222 0.048889
227 0.400000 0.301111 0.262500 0.166667
27 0.209722 0.137778 0.097222 0.048889
134 0.118056 0.227778 0.144444 0.188889
93 0.239236 0.373333 0.250694 0.246667
130 0.492708 0.283333 0.204861 0.191111
219 0.527083 0.184444 0.097222 0.048889
11 0.480208 0.417222 0.311806 0.072222
53 0.256250 0.415000 0.206944 0.092222
270 0.250000 0.338889 0.202778 0.162222
315 0.126042 0.543333 0.204861 0.228889
275 0.470139 0.427222 0.447222 0.141111
272 0.159028 0.206667 0.172222 0.213333
110 0.116667 0.481667 0.144444 0.167778
18 0.333681 0.311111 0.421528 0.097778
15 0.239583 0.078889 0.097222 0.048889
197 0.588542 0.440000 0.175694 0.153333
166 0.432292 0.152778 0.232639 0.125556
119 0.312153 0.292778 0.145139 0.132222