82 0.166667 0.415556 0.262500 0.126667
215 0.342361 0.421111 0.168056 0.124444
285 0.198611 0.295556 0.368056 0.213333
148 0.535764 0.517778 0.234028 0.222222
185 0.195139 0.147222 0.176389 0.154444
243 0.539236 0.236667 0.164583 0.206667
201 0.188889 0.467778 0.097222 0.048889
3 0.979167 0.282222 1.000000 0.066667
35 0.239583 0.114444 0.097222 0.048889
86 0.288542 0.455000 0.147917 0.270000
203 0.447569 0.260000 0.224306 0.226667
196 0.558333 0.499444 0.223611 0.132222
298 0.566319 0.458889 0.465972 0.120000
282 0.709722 0.520556 0.497222 0.181111
220 0.579167 0.108889 0.159722 0.166667