154 0.681944 0.403333 0.347222 0.388889
42 0.463889 0.446667 0.243056 0.077778
93 0.470833 0.391111 0.258333 0.231111
4 0.461806 0.325000 0.293056 0.138889
19 0.079167 0.122222 0.097222 0.048889
309 0.265625 0.383889 0.204861 0.194444
178 0.556597 0.515000 0.160417 0.174444
288 0.587847 0.423333 0.370139 0.151111
30 0.149306 0.188333 0.122222 0.041111
76 0.752778 0.335556 0.486111 0.266667
271 0.468750 0.381667 0.273611 0.167778
299 0.343750 0.428333 0.154167 0.227778
186 0.269097 0.336667 0.157639 0.271111
33 0.459722 0.451111 0.097222 0.048889
206 0.293750 0.173333 0.243056 0.077778
239 0.540972 0.411111 0.265278 0.271111