78 0.552431 0.255556 0.178472 0.115556
109 0.447917 0.293889 0.173611 0.134444
67 0.148611 0.600000 0.222222 0.422222
62 0.475694 0.451111 0.243056 0.077778
66 0.506250 0.558889 0.222222 0.422222
198 0.178819 0.532778 0.181250 0.258889
179 0.279514 0.166667 0.156250 0.248889
122 0.457986 0.325000 0.147917 0.221111
301 0.359375 0.309444 0.179861 0.147778
150 0.601389 0.297222 0.225000 0.156667
248 0.138194 0.417222 0.162500 0.145556
268 0.130208 0.390556 0.150694 0.212222
114 0.632292 0.477778 0.272917 0.113333
20 0.337500 0.434444 0.097222 0.048889
132 0.101389 0.447778 0.175000 0.144444
172 0.202778 0.138333 0.211111 0.225556
107 0.257639 0.242778 0.140278 0.232222
241 0.561111 0.230000 0.269444 0.222222
278 0.239931 0.308889 0.445139 0.191111
29 0.544097 0.309444 0.079861 0.047778
112 0.324653 0.394444 0.171528 0.155556
181 0.132639 0.406111 0.147222 0.125556
156 0.315278 0.324444 0.347222 0.388889
234 0.552778 0.415556 0.148611 0.268889