150 0.489583 0.197778 0.234722 0.184444
205 0.439931 0.447778 0.225694 0.268889
53 0.416667 0.138889 0.256944 0.088889
18 0.481597 0.222222 0.324306 0.128889
264 0.189583 0.170556 0.229167 0.223333
58 0.167708 0.169444 0.193750 0.083333
208 0.382639 0.263333 0.238889 0.266667
251 0.182986 0.241667 0.267361 0.234444
62 0.351389 0.427778 0.243056 0.077778
133 0.242708 0.230000 0.153472 0.186667
10 0.507292 0.185556 0.468750 0.122222
223 0.318750 0.557222 0.234722 0.234444
51 0.580208 0.433333 0.190972 0.075556
154 0.473611 0.516667 0.347222 0.388889
164 0.153472 0.279444 0.162500 0.207778
45 0.446181 0.124444 0.203472 0.077778
151 0.493056 0.555556 0.262500 0.242222