286 0.664931 0.283333 0.529861 0.168889
116 0.617708 0.435000 0.218750 0.276667
151 0.559028 0.350000 0.148611 0.237778
217 0.576389 0.510556 0.273611 0.245556
272 0.178472 0.406111 0.208333 0.190000
56 0.386458 0.091111 0.210417 0.111111
195 0.277778 0.197222 0.177778 0.158889
261 0.577778 0.212778 0.268056 0.261111
289 0.398958 0.449444 0.317361 0.125556
277 0.196875 0.345000 0.303472 0.067778
46 0.147917 0.267222 0.256944 0.081111
98 0.508681 0.366667 0.161806 0.142222
157 0.215972 0.633333 0.347222 0.388889
186 0.363542 0.179444 0.214583 0.121111
100 0.529514 0.536667 0.202083 0.257778
294 0.334028 0.366667 0.516667 0.140000
47 0.423958 0.196111 0.265972 0.110000
190 0.443403 0.158889 0.160417 0.160000
291 0.307292 0.177778 0.478472 0.177778
232 0.401042 0.135000 0.197917 0.198889
194 0.167361 0.152778 0.200000 0.203333
274 0.365972 0.189444 0.158333 0.243333
131 0.330208 0.250556 0.264583 0.234444
181 0.269792 0.456111 0.275694 0.145556
316 0.511458 0.208333 0.220139 0.145556