165 0.209722 0.255000 0.191667 0.187778
166 0.523264 0.106111 0.215972 0.127778
182 0.112847 0.312778 0.164583 0.267778
33 0.511111 0.231111 0.097222 0.048889
65 0.571528 0.262222 0.222222 0.422222
290 0.315278 0.070556 0.543056 0.090000
42 0.519444 0.460000 0.243056 0.077778
253 0.149653 0.485000 0.199306 0.263333
314 0.626389 0.203889 0.247222 0.227778
86 0.218403 0.111667 0.270139 0.172222
106 0.342014 0.220556 0.146528 0.207778
142 0.338194 0.435000 0.145833 0.116667
121 0.115972 0.287778 0.140278 0.235556
188 0.334028 0.471667 0.259722 0.147778
271 0.354167 0.516667 0.198611 0.253333
254 0.451389 0.301667 0.170833 0.254444
82 0.306597 0.294444 0.213194 0.226667
307 0.218750 0.282778 0.250000 0.161111
68 0.278472 0.623333 0.222222 0.422222
85 0.472917 0.251667 0.193056 0.238889
138 0.185069 0.311667 0.240972 0.223333
6 0.392014 0.199444 0.489583 0.196667
87 0.447569 0.507222 0.168750 0.265556
210 0.385417 0.487222 0.268056 0.241111
26 0.186806 0.247778 0.097222 0.048889