285 0.177431 0.172778 0.317361 0.141111
264 0.145833 0.292222 0.247222 0.233333
134 0.384375 0.176667 0.156250 0.228889
34 0.098611 0.054444 0.097222 0.048889
124 0.421528 0.102222 0.194444 0.155556
190 0.509375 0.468889 0.246528 0.144444
10 0.417708 0.138333 0.453472 0.067778
149 0.343750 0.585556 0.252778 0.404444
5 0.338194 0.468889 0.454167 0.135556
80 0.150000 0.453889 0.241667 0.221111
255 0.175000 0.473333 0.219444 0.160000
183 0.235764 0.529444 0.167361 0.267778
263 0.199653 0.228333 0.215972 0.158889
163 0.416667 0.313333 0.275000 0.146667
92 0.266319 0.253889 0.257639 0.190000
238 0.498958 0.146111 0.238194 0.112222