225 0.520139 0.197778 0.097222 0.048889
236 0.160417 0.190000 0.206944 0.153333
305 0.559375 0.187778 0.246528 0.253333
34 0.242361 0.134444 0.097222 0.048889
152 0.459028 0.293333 0.180556 0.160000
16 0.341667 0.387222 0.451389 0.207778
58 0.615278 0.118889 0.276389 0.091111
102 0.293056 0.254444 0.444444 0.444444
127 0.190972 0.322222 0.276389 0.131111
80 0.214236 0.128889 0.146528 0.171111
67 0.458333 0.534444 0.222222 0.422222
237 0.300694 0.202222 0.187500 0.197778
30 0.338194 0.046111 0.108333 0.047778
4 0.644097 0.088333 0.286806 0.081111
45 0.520139 0.255556 0.226389 0.080000
252 0.361111 0.150556 0.148611 0.181111
233 0.542014 0.209444 0.243750 0.125556
23 0.149306 0.368889 0.033333 0.053333
245 0.571181 0.161667 0.159028 0.118889
312 0.434375 0.397222 0.164583 0.238889
113 0.215972 0.460000 0.252778 0.262222
50 0.506250 0.355556 0.206944 0.100000
178 0.414236 0.501667 0.139583 0.114444
52 0.368403 0.137222 0.272917 0.105556