224 0.284375 0.144444 0.275694 0.235556
277 0.532292 0.258889 0.384028 0.197778
11 0.530903 0.372778 0.410417 0.127778
303 0.311458 0.463889 0.234028 0.256667
226 0.429861 0.295556 0.097222 0.048889
33 0.467361 0.247778 0.097222 0.048889
305 0.204514 0.154444 0.270139 0.137778
187 0.489931 0.380000 0.147917 0.264444
221 0.136806 0.210000 0.194444 0.275556
181 0.465278 0.158889 0.266667 0.171111
190 0.416667 0.158889 0.159722 0.153333
182 0.107639 0.370000 0.183333 0.157778
88 0.304861 0.367778 0.201389 0.242222
131 0.140625 0.268333 0.209028 0.258889
27 0.474306 0.328889 0.097222 0.048889
276 0.417014 0.358889 0.474306 0.126667
158 0.678472 0.443333 0.347222 0.388889
79 0.523264 0.323889 0.167361 0.212222
299 0.233681 0.371667 0.272917 0.167778
161 0.537847 0.385556 0.214583 0.122222