268 0.143056 0.508333 0.220833 0.152222
121 0.581250 0.128889 0.145833 0.153333
49 0.389583 0.151667 0.250000 0.105556
282 0.639236 0.217222 0.317361 0.076667
65 0.259028 0.478889 0.222222 0.422222
274 0.362500 0.452222 0.216667 0.277778
182 0.503472 0.120556 0.238889 0.132222
101 0.333333 0.350000 0.148611 0.122222
255 0.297569 0.406111 0.225694 0.274444
130 0.463542 0.453333 0.274306 0.208889
295 0.391319 0.138889 0.472917 0.191111
266 0.318403 0.457222 0.163194 0.134444
213 0.398264 0.152778 0.218750 0.187778
205 0.337847 0.471667 0.140972 0.263333
297 0.561111 0.455556 0.425000 0.186667
152 0.217014 0.355000 0.156250 0.118889
173 0.490972 0.395556 0.097222 0.048889
165 0.326736 0.150000 0.150694 0.237778
93 0.637847 0.142222 0.271528 0.140000
83 0.238194 0.549444 0.256944 0.232222
247 0.336458 0.153333 0.247917 0.228889