232 0.200694 0.262778 0.180556 0.163333
207 0.427083 0.630000 0.222222 0.422222
109 0.487847 0.334444 0.182639 0.184444
198 0.351736 0.273333 0.238194 0.208889
113 0.273264 0.357222 0.170139 0.252222
97 0.502778 0.255556 0.172222 0.208889
296 0.611806 0.500000 0.373611 0.160000
184 0.248264 0.527222 0.239583 0.263333
54 0.284722 0.461667 0.266667 0.107778
150 0.319097 0.155000 0.178472 0.136667
174 0.461111 0.468889 0.097222 0.048889
119 0.562500 0.315000 0.247222 0.236667
36 0.553472 0.131111 0.243056 0.077778
271 0.503125 0.392778 0.206250 0.198889
268 0.242708 0.281667 0.209028 0.225556
225 0.364583 0.298889 0.097222 0.048889
155 0.680556 0.252222 0.347222 0.388889
20 0.441667 0.107778 0.097222 0.048889
189 0.212500 0.327778 0.159722 0.182222
301 0.543750 0.316111 0.195833 0.145556
102 0.547917 0.355556 0.444444 0.444444
241 0.488194 0.516667 0.143056 0.180000
107 0.552431 0.526111 0.217361 0.178889