48 0.470486 0.466667 0.275694 0.104444
245 0.477083 0.213889 0.173611 0.270000
206 0.579861 0.203333 0.243056 0.077778
165 0.449653 0.330556 0.184028 0.254444
54 0.282986 0.192778 0.182639 0.096667
68 0.235417 0.253333 0.222222 0.422222
44 0.579167 0.292222 0.243056 0.077778
298 0.227431 0.392778 0.353472 0.130000
220 0.397917 0.296111 0.138889 0.181111
100 0.594097 0.142222 0.221528 0.191111
51 0.158681 0.475556 0.268750 0.106667
293 0.479861 0.487778 0.286111 0.204444
23 0.479167 0.167778 0.033333 0.053333
108 0.429167 0.292222 0.248611 0.184444
112 0.454861 0.448333 0.234722 0.230000
182 0.343403 0.279444 0.209028 0.127778
140 0.287153 0.295556 0.256250 0.197778
299 0.388542 0.316667 0.185417 0.148889