42 0.220139 0.375556 0.243056 0.077778
28 0.301389 0.135556 0.243056 0.077778
109 0.415278 0.256667 0.277778 0.184444
196 0.145833 0.085556 0.169444 0.126667
89 0.301736 0.553333 0.254861 0.266667
14 0.628819 0.385556 0.493750 0.131111
29 0.554514 0.405556 0.113194 0.040000
55 0.418056 0.401111 0.211111 0.088889
141 0.419097 0.502222 0.217361 0.124444
135 0.376042 0.297778 0.247917 0.164444
101 0.287153 0.529444 0.215972 0.172222
38 0.181944 0.445556 0.243056 0.077778
299 0.544097 0.333333 0.259028 0.231111
143 0.155903 0.295000 0.263194 0.216667
112 0.616667 0.197222 0.215278 0.247778