48 0.306250 0.347222 0.194444 0.094444
62 0.352778 0.094444 0.243056 0.077778
32 0.242361 0.059444 0.075000 0.047778
278 0.225000 0.422222 0.413889 0.080000
148 0.345833 0.489444 0.177778 0.243333
196 0.308333 0.304444 0.147222 0.162222
122 0.364931 0.150556 0.234028 0.161111
223 0.280556 0.352222 0.262500 0.120000
34 0.246528 0.194444 0.097222 0.048889
197 0.296875 0.510556 0.263194 0.136667
23 0.522222 0.211111 0.033333 0.053333
137 0.605903 0.387222 0.231250 0.252222
2 0.811111 0.105556 1.000000 0.066667
179 0.291667 0.173889 0.175000 0.150000
16 0.342708 0.426667 0.411806 0.091111
250 0.426389 0.297778 0.231944 0.264444
52 0.587847 0.475556 0.186806 0.086667
312 0.538542 0.407222 0.247917 0.112222
132 0.294097 0.252222 0.161806 0.113333
226 0.139583 0.425556 0.097222 0.048889