80 0.365972 0.168889 0.145833 0.193333
75 0.284028 0.163333 0.486111 0.266667
255 0.618056 0.290556 0.272222 0.216667
295 0.530556 0.348889 0.363889 0.108889
316 0.477431 0.288333 0.236806 0.261111
118 0.512847 0.442222 0.250694 0.186667
175 0.102083 0.214444 0.097222 0.048889
206 0.342361 0.318889 0.243056 0.077778
260 0.324653 0.476667 0.174306 0.160000
56 0.464236 0.396111 0.264583 0.110000
55 0.465972 0.342222 0.266667 0.084444
183 0.118403 0.201111 0.171528 0.160000
125 0.217014 0.117222 0.225694 0.190000
49 0.521181 0.277778 0.203472 0.066667
235 0.295833 0.480000 0.250000 0.206667
215 0.275000 0.297778 0.177778 0.204444
263 0.478472 0.402222 0.205556 0.222222
155 0.573611 0.231111 0.347222 0.388889
0 0.752083 0.464444 1.000000 0.066667