199 0.346181 0.314444 0.270139 0.148889
266 0.444097 0.160556 0.274306 0.185556
18 0.248611 0.326667 0.330556 0.080000
186 0.177083 0.138889 0.233333 0.231111
233 0.475694 0.187778 0.177778 0.171111
101 0.184028 0.181111 0.223611 0.271111
116 0.263542 0.399444 0.246528 0.132222
13 0.651389 0.371667 0.436111 0.121111
205 0.136458 0.197222 0.217361 0.181111
206 0.402083 0.132222 0.243056 0.077778
151 0.205208 0.260000 0.235417 0.222222
134 0.444444 0.460556 0.181944 0.192222
107 0.240278 0.535556 0.209722 0.211111