202 0.376389 0.428889 0.265278 0.144444
157 0.581944 0.485556 0.347222 0.388889
88 0.480903 0.282778 0.236806 0.276667
210 0.515278 0.274444 0.141667 0.264444
261 0.275000 0.178333 0.256944 0.143333
17 0.588889 0.126667 0.312500 0.137778
241 0.610764 0.240556 0.246528 0.167778
41 0.148611 0.267778 0.243056 0.077778
250 0.451042 0.122778 0.202083 0.190000
249 0.480208 0.189444 0.242361 0.212222
206 0.586806 0.363333 0.243056 0.077778
114 0.548611 0.291667 0.252778 0.207778
0 0.579861 0.320000 1.000000 0.066667
183 0.402083 0.501667 0.151389 0.243333
204 0.171875 0.465556 0.163194 0.162222
93 0.596875 0.108889 0.245139 0.115556
125 0.629167 0.177222 0.255556 0.152222
152 0.151042 0.526667 0.271528 0.184444
180 0.547569 0.510556 0.196528 0.207778