278 0.475694 0.066667 0.413889 0.086667
69 0.580556 0.380000 0.222222 0.422222
83 0.597569 0.434444 0.202083 0.182222
4 0.665972 0.408333 0.441667 0.107778
176 0.248264 0.233889 0.245139 0.176667
19 0.475694 0.064444 0.097222 0.048889
90 0.488889 0.408889 0.444444 0.444444
47 0.130556 0.121111 0.212500 0.086667
82 0.185417 0.100000 0.159722 0.151111
194 0.184722 0.450556 0.272222 0.218889
107 0.640625 0.145556 0.272917 0.120000
15 0.457639 0.446667 0.097222 0.048889
251 0.323611 0.284444 0.252778 0.180000
228 0.476389 0.205000 0.211111 0.156667
133 0.548958 0.091667 0.236806 0.112222
156 0.525000 0.465556 0.347222 0.388889
293 0.621181 0.153889 0.550694 0.103333
113 0.282292 0.280000 0.175694 0.264444
311 0.152778 0.478889 0.247222 0.266667
118 0.365625 0.173333 0.165972 0.128889
247 0.240278 0.206111 0.222222 0.176667
167 0.422569 0.534444 0.213194 0.188889
121 0.187153 0.487778 0.197917 0.135556
88 0.481944 0.303333 0.236111 0.144444