215 0.250347 0.405000 0.177083 0.187778
231 0.290972 0.475000 0.220833 0.225556
8 0.195833 0.567778 0.173611 0.555556
94 0.541319 0.142222 0.147917 0.200000
90 0.642361 0.326667 0.444444 0.444444
250 0.127431 0.427222 0.197917 0.190000
272 0.580208 0.465000 0.207639 0.194444
160 0.413889 0.181111 0.209722 0.160000
62 0.431250 0.122222 0.243056 0.077778
258 0.370139 0.400556 0.166667 0.118889
244 0.517708 0.330000 0.274306 0.124444
118 0.462153 0.276667 0.256250 0.193333
92 0.341319 0.388889 0.172917 0.271111