311 0.537500 0.535000 0.159722 0.230000
263 0.160069 0.420556 0.246528 0.234444
133 0.494097 0.232222 0.192361 0.260000
21 0.418056 0.077778 0.097222 0.048889
222 0.472569 0.183889 0.175694 0.203333
169 0.292708 0.104444 0.265972 0.142222
35 0.351389 0.258889 0.097222 0.048889
228 0.167014 0.393889 0.139583 0.203333
114 0.594792 0.185000 0.225694 0.134444
172 0.248611 0.346111 0.201389 0.150000
187 0.402431 0.193333 0.154861 0.211111
200 0.197917 0.098889 0.097222 0.048889
11 0.271875 0.372778 0.375694 0.218889
258 0.384375 0.321667 0.271528 0.227778
223 0.380556 0.478889 0.172222 0.208889
283 0.683333 0.284444 0.504167 0.173333
82 0.416667 0.221111 0.152778 0.233333
104 0.552778 0.247778 0.186111 0.260000