37 0.204861 0.452222 0.243056 0.077778
161 0.319097 0.342222 0.157639 0.188889
220 0.175347 0.370000 0.270139 0.168889
58 0.156944 0.142222 0.179167 0.071111
311 0.546181 0.403889 0.247917 0.218889
265 0.332639 0.366667 0.229167 0.200000
131 0.464236 0.450556 0.211806 0.143333
242 0.232986 0.505000 0.152083 0.252222
124 0.257639 0.161111 0.255556 0.142222
235 0.137153 0.465556 0.193750 0.226667
142 0.528125 0.389444 0.146528 0.127778
163 0.492014 0.550000 0.197917 0.246667
22 0.174306 0.366667 0.033333 0.053333
40 0.452778 0.117778 0.243056 0.077778
77 0.468056 0.542222 0.486111 0.266667
129 0.221528 0.544444 0.254167 0.260000