138 0.473611 0.295000 0.170833 0.125556
63 0.558333 0.332222 0.222222 0.422222
150 0.426042 0.476667 0.186806 0.273333
22 0.180556 0.287778 0.033333 0.053333
23 0.300694 0.197778 0.033333 0.053333
122 0.354167 0.343333 0.215278 0.131111
306 0.316667 0.272222 0.176389 0.264444
203 0.363542 0.273889 0.231250 0.265556
294 0.421181 0.382222 0.399306 0.157778
241 0.342708 0.477778 0.229861 0.164444
44 0.251389 0.263333 0.243056 0.077778
263 0.577431 0.176667 0.140972 0.146667
182 0.348611 0.494444 0.268056 0.246667