259 0.285069 0.326111 0.154861 0.212222
262 0.475694 0.195000 0.181944 0.138889
198 0.320486 0.301667 0.204861 0.230000
106 0.394097 0.516111 0.195139 0.236667
74 0.295139 0.206667 0.486111 0.266667
214 0.590972 0.356667 0.243056 0.224444
46 0.496875 0.089444 0.175694 0.074444
168 0.251042 0.238333 0.264583 0.136667
161 0.517708 0.207778 0.168750 0.228889
101 0.365278 0.401111 0.175000 0.122222
208 0.166667 0.168889 0.233333 0.117778
234 0.575000 0.415000 0.152778 0.245556
70 0.506250 0.416667 0.141667 0.237778
188 0.267014 0.445000 0.196528 0.234444