129 0.201389 0.096667 0.184722 0.142222
257 0.430208 0.432222 0.228472 0.202222
25 0.503472 0.111111 0.097222 0.048889
151 0.431944 0.552778 0.180556 0.276667
84 0.377778 0.346667 0.188889 0.195556
47 0.334722 0.351111 0.234722 0.077778
196 0.555903 0.444444 0.184028 0.251111
1 0.615972 0.255556 1.000000 0.066667
255 0.473264 0.392778 0.252083 0.112222
12 0.557639 0.071111 0.493056 0.086667
235 0.155903 0.311111 0.267361 0.206667
154 0.395139 0.336667 0.347222 0.388889
314 0.321528 0.435000 0.186111 0.141111
218 0.134722 0.158889 0.205556 0.111111
90 0.311806 0.607778 0.444444 0.444444
190 0.590625 0.328889 0.238194 0.124444
89 0.324306 0.447222 0.222222 0.147778
183 0.184375 0.167778 0.235417 0.233333
141 0.273611 0.376111 0.180556 0.176667
6 0.674653 0.196111 0.378472 0.138889