14 0.360069 0.245556 0.428472 0.153333
2 0.815972 0.148889 1.000000 0.066667
249 0.397917 0.393333 0.145833 0.133333
77 0.627083 0.353333 0.486111 0.266667
312 0.285417 0.466667 0.162500 0.180000
23 0.418750 0.425556 0.033333 0.053333
220 0.261806 0.366111 0.187500 0.170000
136 0.391319 0.152222 0.190972 0.128889
106 0.293056 0.263333 0.268056 0.184444
24 0.254861 0.235556 0.097222 0.048889
36 0.151389 0.436667 0.243056 0.077778
277 0.486458 0.273889 0.329861 0.190000
110 0.568056 0.353889 0.166667 0.130000
258 0.414236 0.171111 0.172917 0.206667
206 0.383333 0.407778 0.243056 0.077778
100 0.234028 0.152778 0.162500 0.243333
219 0.305556 0.153333 0.097222 0.048889
104 0.340972 0.267778 0.244444 0.206667
210 0.387500 0.310556 0.256944 0.112222
51 0.415972 0.271667 0.237500 0.070000
97 0.284028 0.180556 0.254167 0.218889
225 0.452083 0.208889 0.097222 0.048889
107 0.625000 0.358333 0.266667 0.261111