114 0.380556 0.456667 0.158333 0.153333
167 0.250694 0.200000 0.138889 0.262222
272 0.266319 0.229444 0.171528 0.265556
81 0.410764 0.183889 0.217361 0.238889
101 0.468056 0.471111 0.176389 0.115556
194 0.396528 0.393333 0.273611 0.228889
215 0.510417 0.255000 0.206944 0.247778
199 0.423958 0.542222 0.145139 0.195556
309 0.588194 0.327778 0.225000 0.115556
61 0.431597 0.466111 0.203472 0.085556
90 0.390972 0.368889 0.444444 0.444444
156 0.629861 0.341111 0.347222 0.388889
24 0.265278 0.383333 0.097222 0.048889
278 0.670486 0.145000 0.400694 0.141111
73 0.134028 0.497778 0.151389 0.146667
169 0.471528 0.269444 0.233333 0.136667
146 0.527431 0.225000 0.140972 0.165556
110 0.616319 0.369444 0.264583 0.118889
15 0.083333 0.137778 0.097222 0.048889
173 0.295139 0.216667 0.097222 0.048889