216 0.357639 0.422222 0.141667 0.135556
57 0.542361 0.308333 0.256944 0.067778
197 0.523611 0.100000 0.227778 0.137778
254 0.457639 0.191111 0.211111 0.111111
91 0.354167 0.254444 0.181944 0.113333
46 0.201389 0.415556 0.179167 0.111111
50 0.260069 0.372778 0.274306 0.098889
162 0.146875 0.196667 0.263194 0.122222
140 0.497222 0.481111 0.148611 0.260000
260 0.194444 0.447778 0.234722 0.186667
33 0.409028 0.157778 0.097222 0.048889
24 0.118750 0.127778 0.097222 0.048889
161 0.572222 0.511667 0.275000 0.214444
243 0.120833 0.412222 0.151389 0.180000
271 0.490625 0.388889 0.207639 0.242222
257 0.496181 0.206111 0.139583 0.210000
39 0.569444 0.244444 0.243056 0.077778
2 1.005556 0.406667 1.000000 0.066667
301 0.395139 0.279444 0.269444 0.130000
298 0.252083 0.143889 0.468056 0.092222
288 0.420486 0.163333 0.370139 0.104444
300 0.613889 0.395556 0.486111 0.266667
220 0.549306 0.144444 0.219444 0.182222
38 0.497917 0.365556 0.243056 0.077778
217 0.628125 0.201111 0.243750 0.177778