157 0.592361 0.596667 0.347222 0.388889
156 0.261111 0.515556 0.347222 0.388889
150 0.585764 0.162778 0.153472 0.252222
202 0.613542 0.246111 0.274306 0.152222
215 0.460764 0.392778 0.188194 0.256667
263 0.642361 0.561111 0.265278 0.268889
48 0.447222 0.347778 0.204167 0.066667
187 0.176389 0.253333 0.266667 0.268889
244 0.472569 0.550000 0.204861 0.217778
220 0.309028 0.185000 0.191667 0.192222
8 0.383333 0.718889 0.173611 0.555556
171 0.423264 0.172778 0.159028 0.190000
165 0.504167 0.318333 0.263889 0.138889
285 0.384028 0.193333 0.301389 0.160000
7 0.375000 0.322222 0.173611 0.555556
37 0.363194 0.214444 0.243056 0.077778
241 0.378472 0.093333 0.145833 0.142222
236 0.214583 0.299444 0.269444 0.183333