24 0.550000 0.306667 0.097222 0.048889
122 0.536111 0.482222 0.269444 0.182222
258 0.606944 0.520556 0.263889 0.154444
171 0.486458 0.434444 0.261806 0.137778
181 0.236458 0.377222 0.203472 0.172222
27 0.172222 0.115556 0.097222 0.048889
291 0.263194 0.411667 0.411111 0.138889
236 0.321528 0.113333 0.150000 0.131111
35 0.479861 0.293333 0.097222 0.048889
279 0.308333 0.295556 0.320833 0.195556
246 0.558333 0.514444 0.263889 0.204444
26 0.212500 0.390000 0.097222 0.048889
238 0.430208 0.382778 0.256250 0.147778
41 0.356944 0.380000 0.243056 0.077778
62 0.240278 0.137778 0.243056 0.077778
67 0.284028 0.306667 0.222222 0.422222
75 0.490972 0.217778 0.486111 0.266667
310 0.291319 0.320000 0.163194 0.151111
200 0.250694 0.380000 0.097222 0.048889
263 0.521875 0.209444 0.227083 0.270000
211 0.629514 0.213333 0.234028 0.171111
303 0.351389 0.153889 0.263889 0.172222
12 0.272917 0.234444 0.331944 0.117778
296 0.588889 0.382778 0.540278 0.172222
107 0.373264 0.491111 0.179861 0.146667