26 0.209028 0.115556 0.097222 0.048889
214 0.527083 0.472778 0.168056 0.125556
120 0.470139 0.197222 0.204167 0.221111
121 0.502778 0.167778 0.194444 0.253333
135 0.522222 0.343889 0.151389 0.261111
22 0.391667 0.256667 0.033333 0.053333
245 0.628125 0.450000 0.229861 0.124444
209 0.575347 0.330000 0.246528 0.237778
273 0.457292 0.211111 0.164583 0.220000
51 0.403472 0.153889 0.245833 0.107778
173 0.418056 0.318889 0.097222 0.048889
143 0.144792 0.412222 0.242361 0.182222
250 0.443403 0.440000 0.257639 0.184444
204 0.214236 0.217778 0.165972 0.180000
0 0.554861 0.267778 1.000000 0.066667
283 0.610764 0.532222 0.550694 0.197778
134 0.377778 0.400556 0.159722 0.112222
122 0.402431 0.298333 0.213194 0.192222
145 0.352431 0.230000 0.195139 0.217778
215 0.314583 0.528889 0.215278 0.211111
290 0.285764 0.395556 0.500694 0.162222
139 0.497569 0.397778 0.167361 0.120000