123 0.228819 0.175000 0.247917 0.187778
232 0.125347 0.228889 0.167361 0.142222
144 0.562500 0.520000 0.158333 0.193333
59 0.429167 0.447222 0.208333 0.092222
211 0.126389 0.247778 0.158333 0.142222
227 0.219444 0.200000 0.159722 0.215556
309 0.367361 0.278889 0.225000 0.133333
90 0.658333 0.445556 0.444444 0.444444
67 0.379861 0.333333 0.222222 0.422222
287 0.780903 0.366667 0.553472 0.148889
224 0.459028 0.346111 0.155556 0.212222
286 0.553819 0.491667 0.425694 0.110000
153 0.315278 0.535556 0.347222 0.388889
241 0.445833 0.522778 0.170833 0.176667
13 0.283681 0.273889 0.495139 0.112222
277 0.491319 0.202222 0.507639 0.200000
264 0.267361 0.174444 0.175000 0.257778
195 0.427431 0.315556 0.199306 0.197778
210 0.504514 0.365000 0.160417 0.196667
58 0.180556 0.271667 0.229167 0.081111
65 0.593750 0.505556 0.222222 0.422222