148 0.156597 0.466667 0.217361 0.262222
9 0.168750 0.448889 0.173611 0.555556
196 0.465278 0.131667 0.144444 0.116667
119 0.425694 0.207222 0.197222 0.163333
149 0.464583 0.422222 0.252778 0.404444
11 0.220139 0.215556 0.286111 0.171111
184 0.436111 0.290000 0.184722 0.237778
43 0.629167 0.385556 0.243056 0.077778
207 0.204167 0.647778 0.222222 0.422222
169 0.635764 0.456667 0.254861 0.146667
187 0.559375 0.515000 0.247917 0.154444
83 0.571528 0.157222 0.226389 0.152222
138 0.196528 0.263889 0.198611 0.192222