0 0.949306 0.471111 1.000000 0.066667
142 0.542708 0.456667 0.196528 0.231111
280 0.624306 0.338889 0.384722 0.202222
45 0.151042 0.336667 0.240972 0.095556
65 0.351389 0.237778 0.222222 0.422222
70 0.415625 0.108889 0.235417 0.137778
279 0.562847 0.434444 0.514583 0.066667
221 0.475000 0.483333 0.277778 0.184444
197 0.476736 0.453333 0.211806 0.160000
248 0.208333 0.514444 0.206944 0.197778
95 0.486458 0.188333 0.267361 0.127778
130 0.247917 0.248333 0.226389 0.174444
193 0.406944 0.414444 0.155556 0.133333
233 0.435069 0.412778 0.259028 0.145556
159 0.482986 0.395000 0.242361 0.147778
152 0.383681 0.241111 0.211806 0.175556
307 0.455903 0.467778 0.171528 0.208889