264 0.461806 0.332778 0.154167 0.192222
155 0.686806 0.332222 0.347222 0.388889
214 0.470486 0.523889 0.217361 0.221111
215 0.130903 0.163889 0.156250 0.250000
17 0.686458 0.346667 0.531250 0.186667
257 0.425694 0.167778 0.276389 0.251111
154 0.440972 0.416667 0.347222 0.388889
300 0.272917 0.292222 0.486111 0.266667
233 0.364236 0.206667 0.245139 0.257778
208 0.392014 0.266667 0.215972 0.168889
248 0.344444 0.448889 0.208333 0.228889
124 0.294444 0.181667 0.180556 0.230000
26 0.168750 0.093333 0.097222 0.048889
301 0.389583 0.231667 0.275000 0.252222
310 0.506597 0.328889 0.243750 0.144444
6 0.255903 0.208889 0.374306 0.133333
4 0.654861 0.268333 0.438889 0.192222
276 0.679167 0.290000 0.416667 0.126667
306 0.267014 0.285556 0.225694 0.151111
91 0.375347 0.132222 0.139583 0.120000
296 0.583333 0.335556 0.347222 0.168889
89 0.325347 0.158333 0.218750 0.141111
164 0.197222 0.406111 0.143056 0.116667
250 0.581597 0.258333 0.195139 0.123333