233 0.397222 0.342778 0.225000 0.236667
120 0.395139 0.410000 0.205556 0.277778
185 0.365972 0.405000 0.181944 0.236667
10 0.513542 0.098889 0.282639 0.151111
27 0.482639 0.170000 0.097222 0.048889
268 0.278125 0.343333 0.199306 0.188889
310 0.324306 0.418889 0.155556 0.202222
171 0.555556 0.228333 0.263889 0.127778
124 0.295139 0.197222 0.216667 0.245556
238 0.442361 0.326667 0.238889 0.191111
116 0.236458 0.420556 0.225694 0.223333
276 0.463194 0.383333 0.518056 0.166667
256 0.202778 0.333889 0.254167 0.252222
82 0.617014 0.391111 0.232639 0.222222
134 0.113194 0.301667 0.148611 0.156667
199 0.292361 0.180556 0.200000 0.116667
309 0.342361 0.237778 0.181944 0.262222