121 0.533681 0.143889 0.238194 0.165556
123 0.595486 0.263333 0.193750 0.268889
139 0.137500 0.171111 0.163889 0.117778
165 0.198611 0.523889 0.154167 0.172222
312 0.160417 0.352778 0.240278 0.143333
203 0.556597 0.282222 0.157639 0.188889
7 0.335417 0.626667 0.173611 0.555556
211 0.497569 0.411111 0.224306 0.208889
69 0.392361 0.585556 0.222222 0.422222
250 0.552431 0.545556 0.263194 0.246667
262 0.272222 0.318333 0.162500 0.225556
235 0.283333 0.131111 0.163889 0.151111
178 0.231250 0.265556 0.220833 0.208889