65 0.160417 0.297778 0.222222 0.422222
16 0.220486 0.413889 0.300694 0.138889
126 0.420486 0.387778 0.215972 0.180000
69 0.585417 0.503333 0.222222 0.422222
147 0.598611 0.584444 0.334722 0.535556
291 0.543750 0.278889 0.537500 0.128889
129 0.302431 0.371111 0.153472 0.120000
305 0.468403 0.421111 0.213194 0.226667
296 0.480556 0.171667 0.509722 0.081111
137 0.379861 0.130556 0.266667 0.172222
169 0.535069 0.408333 0.190972 0.170000
156 0.200694 0.316667 0.347222 0.388889
144 0.137153 0.133333 0.240972 0.213333
123 0.264236 0.489444 0.253472 0.256667
48 0.306944 0.158889 0.227778 0.084444
179 0.362847 0.211111 0.168750 0.206667
24 0.295833 0.468889 0.097222 0.048889
184 0.247569 0.405556 0.153472 0.271111
3 0.623611 0.410000 1.000000 0.066667
236 0.360069 0.432778 0.274306 0.232222
164 0.532639 0.340556 0.215278 0.136667
87 0.184722 0.202778 0.211111 0.270000
310 0.557292 0.190000 0.264583 0.111111
116 0.587153 0.434444 0.149306 0.217778