297 0.599306 0.497778 0.405556 0.113333
209 0.367014 0.212778 0.209028 0.272222
36 0.396528 0.368889 0.243056 0.077778
237 0.192014 0.559444 0.260417 0.270000
269 0.336458 0.322778 0.214583 0.216667
280 0.549306 0.351111 0.455556 0.146667
196 0.190278 0.280556 0.208333 0.112222
12 0.477778 0.275556 0.400000 0.082222
299 0.144792 0.286667 0.149306 0.111111
213 0.346528 0.378333 0.205556 0.265556
233 0.513542 0.507778 0.182639 0.148889
312 0.372917 0.213333 0.218056 0.246667
309 0.397569 0.360000 0.165972 0.264444
157 0.648611 0.436667 0.347222 0.388889
29 0.289931 0.211667 0.103472 0.043333
285 0.364236 0.183333 0.531250 0.122222
286 0.234722 0.109444 0.436111 0.090000
66 0.469444 0.648889 0.222222 0.422222
275 0.562847 0.356111 0.288194 0.201111
315 0.378819 0.496111 0.184028 0.250000
62 0.144444 0.262222 0.243056 0.077778
44 0.181250 0.292222 0.243056 0.077778
20 0.386111 0.360000 0.097222 0.048889
26 0.096528 0.046667 0.097222 0.048889