245 0.562847 0.188333 0.147917 0.247778
111 0.206597 0.457778 0.145139 0.144444
63 0.194444 0.390000 0.222222 0.422222
27 0.303472 0.423333 0.097222 0.048889
19 0.145833 0.396667 0.097222 0.048889
259 0.431597 0.437222 0.249306 0.147778
250 0.627083 0.422222 0.229167 0.191111
206 0.592361 0.260000 0.243056 0.077778
166 0.401042 0.264444 0.157639 0.264444
275 0.355208 0.472778 0.374306 0.125556
176 0.228125 0.080000 0.264583 0.115556
1 0.529861 0.107778 1.000000 0.066667
179 0.589931 0.447222 0.202083 0.258889
232 0.546181 0.426111 0.199306 0.194444
224 0.400000 0.482222 0.209722 0.166667
31 0.229167 0.172222 0.105556 0.044444
214 0.407986 0.121111 0.203472 0.193333
150 0.159028 0.292778 0.190278 0.172222
261 0.519792 0.532778 0.170139 0.276667
20 0.217361 0.253333 0.097222 0.048889
237 0.487153 0.366111 0.227083 0.176667