45 0.572917 0.175556 0.261111 0.106667
70 0.146528 0.242222 0.238889 0.195556
23 0.385417 0.387778 0.033333 0.053333
11 0.289583 0.326111 0.493056 0.132222
268 0.423264 0.196111 0.231250 0.112222
271 0.458681 0.191111 0.220139 0.202222
114 0.223611 0.223889 0.193056 0.227778
210 0.161806 0.505000 0.234722 0.196667
81 0.271181 0.202778 0.182639 0.194444
260 0.336111 0.448889 0.273611 0.240000
55 0.355903 0.283889 0.267361 0.067778
153 0.432639 0.422222 0.347222 0.388889
277 0.453125 0.344444 0.489583 0.115556
22 0.106250 0.366667 0.033333 0.053333
113 0.439236 0.407222 0.228472 0.190000
311 0.139931 0.466111 0.195139 0.243333
146 0.407292 0.416111 0.261806 0.207778
192 0.544444 0.491667 0.195833 0.267778
312 0.323611 0.467778 0.162500 0.273333
272 0.633333 0.245000 0.245833 0.130000