173 0.256250 0.168889 0.097222 0.048889
73 0.202083 0.573333 0.236111 0.266667
281 0.617361 0.280556 0.512500 0.181111
238 0.420139 0.356111 0.218056 0.134444
189 0.395486 0.353889 0.209028 0.130000
152 0.321875 0.356111 0.174306 0.252222
83 0.605208 0.114444 0.217361 0.160000
62 0.163889 0.173333 0.243056 0.077778
224 0.455208 0.156111 0.240972 0.158889
316 0.428125 0.333889 0.190972 0.230000
64 0.370833 0.487778 0.222222 0.422222
274 0.314931 0.432222 0.147917 0.231111
95 0.313194 0.282778 0.250000 0.201111
308 0.214236 0.439444 0.175694 0.181111
18 0.654861 0.137778 0.350000 0.164444
110 0.443403 0.506111 0.203472 0.143333
28 0.300000 0.382222 0.243056 0.077778
35 0.388194 0.257778 0.097222 0.048889
24 0.072222 0.170000 0.097222 0.048889
36 0.515278 0.417778 0.243056 0.077778
257 0.590278 0.210556 0.177778 0.270000
203 0.088889 0.485556 0.141667 0.215556
137 0.150000 0.473889 0.156944 0.190000
141 0.402431 0.192222 0.225694 0.204444