285 0.469792 0.478333 0.493750 0.076667
247 0.411111 0.230556 0.218056 0.212222
198 0.419444 0.191667 0.255556 0.272222
17 0.371528 0.332778 0.288889 0.207778
193 0.528125 0.171111 0.215972 0.122222
242 0.192361 0.258333 0.218056 0.192222
308 0.290278 0.512222 0.156944 0.240000
142 0.234722 0.439444 0.183333 0.127778
188 0.098958 0.570556 0.139583 0.265556
221 0.353125 0.331111 0.240972 0.126667
160 0.300694 0.358333 0.151389 0.190000
29 0.291319 0.197222 0.078472 0.047778
298 0.290625 0.328889 0.429861 0.180000
139 0.307292 0.177778 0.199306 0.208889
113 0.218056 0.531667 0.158333 0.196667
34 0.279861 0.394444 0.097222 0.048889
284 0.332292 0.355000 0.470139 0.096667