141 0.234722 0.479444 0.243056 0.196667
113 0.397917 0.380556 0.211111 0.181111
29 0.511806 0.450556 0.081944 0.050000
123 0.400694 0.326111 0.238889 0.272222
209 0.256250 0.453333 0.148611 0.195556
236 0.590625 0.093889 0.214583 0.132222
162 0.233681 0.378333 0.152083 0.256667
44 0.209722 0.218889 0.243056 0.077778
136 0.332639 0.340556 0.234722 0.176667
118 0.210417 0.390000 0.148611 0.182222
224 0.409028 0.464444 0.140278 0.226667
203 0.113194 0.179444 0.163889 0.261111
177 0.550694 0.487778 0.190278 0.144444