193 0.212500 0.306667 0.208333 0.197778
251 0.404861 0.321667 0.148611 0.112222
259 0.376389 0.277222 0.259722 0.256667
71 0.225694 0.243889 0.151389 0.114444
152 0.395139 0.280000 0.226389 0.215556
270 0.153819 0.383889 0.240972 0.205556
208 0.467014 0.479444 0.222917 0.156667
38 0.392361 0.145556 0.243056 0.077778
60 0.128819 0.067778 0.181250 0.086667
166 0.277431 0.329444 0.170139 0.223333
92 0.577778 0.175556 0.273611 0.251111
162 0.604861 0.203889 0.223611 0.152222
173 0.400694 0.158889 0.097222 0.048889
68 0.557639 0.307778 0.222222 0.422222
181 0.488542 0.303333 0.172917 0.142222
61 0.380556 0.362222 0.240278 0.088889