107 0.135417 0.485556 0.236111 0.191111
139 0.223264 0.357222 0.181250 0.212222
51 0.416319 0.109444 0.236806 0.072222
218 0.370486 0.398889 0.172917 0.268889
299 0.179514 0.318889 0.149306 0.137778
29 0.332639 0.095556 0.077778 0.051111
307 0.582292 0.251111 0.160417 0.237778
60 0.266667 0.335556 0.245833 0.084444
62 0.618056 0.456667 0.243056 0.077778
24 0.425694 0.331111 0.097222 0.048889
54 0.572569 0.147778 0.209028 0.100000
70 0.322569 0.228889 0.252083 0.237778
261 0.582639 0.335556 0.216667 0.268889
159 0.615278 0.483889 0.233333 0.274444
119 0.284375 0.372222 0.174306 0.164444