92 0.484375 0.254444 0.238194 0.224444
117 0.139236 0.452222 0.213194 0.160000
148 0.387500 0.272222 0.268056 0.248889
212 0.149306 0.328333 0.205556 0.138889
12 0.694792 0.469444 0.520139 0.123333
213 0.580208 0.474444 0.224306 0.180000
42 0.513889 0.301111 0.243056 0.077778
143 0.385417 0.247222 0.184722 0.136667
253 0.320833 0.276667 0.261111 0.275556
99 0.462500 0.196667 0.219444 0.235556
118 0.358681 0.482778 0.196528 0.256667
161 0.241319 0.387778 0.159028 0.246667
91 0.251736 0.356111 0.252083 0.201111
190 0.540972 0.326111 0.273611 0.267778
262 0.308681 0.271111 0.186806 0.217778
226 0.274306 0.270000 0.097222 0.048889
43 0.452083 0.427778 0.243056 0.077778
3 1.004861 0.413333 1.000000 0.066667
258 0.564236 0.310556 0.232639 0.205556
281 0.706597 0.351111 0.425694 0.173333
127 0.179514 0.112778 0.149306 0.170000