33 0.380556 0.055556 0.097222 0.048889
204 0.598264 0.540000 0.177083 0.264444
8 0.171528 0.432222 0.173611 0.555556
269 0.178125 0.362222 0.202083 0.146667
37 0.354861 0.421111 0.243056 0.077778
186 0.526736 0.342778 0.260417 0.143333
82 0.601042 0.511111 0.229861 0.148889
44 0.224306 0.414444 0.243056 0.077778
280 0.529861 0.224444 0.468056 0.186667
222 0.195139 0.546667 0.159722 0.262222
99 0.418056 0.451667 0.270833 0.205556
68 0.617361 0.484444 0.222222 0.422222
109 0.623958 0.406667 0.277083 0.171111
315 0.606250 0.257222 0.206944 0.114444
201 0.242361 0.061111 0.097222 0.048889
16 0.650000 0.483333 0.509722 0.131111
158 0.199306 0.543333 0.347222 0.388889
1 0.679861 0.215556 1.000000 0.066667
171 0.279514 0.170000 0.159028 0.235556
15 0.375000 0.153333 0.097222 0.048889