233 0.334028 0.222778 0.231944 0.270000
120 0.444097 0.475556 0.195139 0.162222
305 0.430556 0.147222 0.231944 0.196667
171 0.365625 0.153889 0.147917 0.178889
275 0.502431 0.396667 0.400694 0.097778
149 0.486111 0.485556 0.252778 0.404444
238 0.263889 0.230000 0.276389 0.220000
125 0.262847 0.490000 0.257639 0.175556
122 0.307639 0.285000 0.222222 0.161111
262 0.189583 0.533889 0.175000 0.201111
195 0.322222 0.405000 0.204167 0.136667
230 0.611806 0.426667 0.222222 0.422222
197 0.192708 0.196667 0.270139 0.135556