20 0.138889 0.445556 0.097222 0.048889
26 0.093056 0.283333 0.097222 0.048889
16 0.368056 0.230556 0.536111 0.167778
144 0.161806 0.228333 0.179167 0.114444
73 0.559722 0.510000 0.187500 0.244444
30 0.204514 0.172778 0.114583 0.041111
7 0.231944 0.507778 0.173611 0.555556
47 0.253819 0.367222 0.263194 0.090000
137 0.545833 0.420556 0.245833 0.258889
253 0.201389 0.231667 0.263889 0.127778
315 0.172917 0.349444 0.222222 0.183333
278 0.402083 0.496111 0.470833 0.158889
316 0.237153 0.420000 0.275694 0.235556
4 0.479167 0.527778 0.550000 0.200000