203 0.521528 0.567222 0.184722 0.250000
313 0.348611 0.329444 0.220833 0.250000
24 0.201389 0.297778 0.097222 0.048889
244 0.235069 0.326667 0.171528 0.228889
179 0.378819 0.482778 0.246528 0.216667
19 0.252083 0.461111 0.097222 0.048889
287 0.499306 0.134444 0.297222 0.082222
144 0.190278 0.227222 0.266667 0.212222
149 0.575000 0.596667 0.252778 0.404444
215 0.301389 0.322778 0.258333 0.176667
238 0.260417 0.346667 0.143056 0.164444
65 0.393056 0.385556 0.222222 0.422222
123 0.596181 0.462778 0.206250 0.116667
96 0.360417 0.460000 0.262500 0.186667
308 0.482639 0.130000 0.256944 0.197778
222 0.487847 0.473889 0.256250 0.154444
134 0.426736 0.231111 0.181250 0.226667
177 0.413889 0.363333 0.209722 0.197778
119 0.487847 0.317778 0.160417 0.182222
119 0.582986 0.341111 0.231250 0.122222