87 0.285069 0.505556 0.271528 0.126667
154 0.502083 0.597778 0.347222 0.388889
66 0.569444 0.536667 0.222222 0.422222
247 0.486111 0.269444 0.144444 0.270000
175 0.161111 0.260000 0.097222 0.048889
27 0.552778 0.128889 0.097222 0.048889
122 0.164931 0.393333 0.202083 0.197778
157 0.511806 0.360000 0.347222 0.388889
14 0.700000 0.196667 0.420833 0.215556
47 0.521528 0.134444 0.208333 0.100000
60 0.572917 0.183889 0.241667 0.070000
54 0.278472 0.313889 0.241667 0.107778
2 0.972222 0.214444 1.000000 0.066667
71 0.560417 0.405000 0.263889 0.236667