43 0.250694 0.391111 0.243056 0.077778
289 0.269444 0.230556 0.461111 0.185556
272 0.184375 0.182778 0.147917 0.258889
58 0.318403 0.245000 0.271528 0.094444
55 0.249653 0.301111 0.274306 0.068889
64 0.570833 0.346667 0.222222 0.422222
299 0.183333 0.215000 0.179167 0.141111
176 0.260069 0.535000 0.204861 0.225556
24 0.377083 0.146667 0.097222 0.048889
262 0.546875 0.117222 0.231250 0.190000
87 0.539236 0.337778 0.149306 0.124444
248 0.498958 0.323333 0.159028 0.131111
284 0.571528 0.308889 0.422222 0.157778
170 0.431250 0.265000 0.238889 0.252222
269 0.323611 0.457222 0.165278 0.112222
23 0.290278 0.448889 0.033333 0.053333
250 0.182639 0.257778 0.170833 0.151111