152 0.235069 0.430556 0.220139 0.214444
297 0.418056 0.147778 0.344444 0.206667
307 0.137153 0.317222 0.160417 0.152222
197 0.122222 0.114444 0.173611 0.180000
48 0.332986 0.477222 0.202083 0.092222
278 0.333333 0.201667 0.315278 0.198889
37 0.149306 0.321111 0.243056 0.077778
117 0.176389 0.498889 0.256944 0.233333
241 0.586111 0.506111 0.216667 0.218889
41 0.338889 0.374444 0.243056 0.077778
45 0.438889 0.310556 0.243056 0.078889
315 0.435764 0.311111 0.260417 0.253333
125 0.231944 0.434444 0.193056 0.175556
286 0.311111 0.125556 0.376389 0.162222
287 0.313542 0.404444 0.472917 0.211111
137 0.532292 0.333333 0.199306 0.193333
56 0.566319 0.395556 0.192361 0.100000
3 0.963889 0.153333 1.000000 0.066667
195 0.353125 0.494444 0.252083 0.253333
202 0.133681 0.491667 0.206250 0.143333
107 0.457639 0.155000 0.219444 0.181111