275 0.605208 0.172778 0.339583 0.138889
112 0.577431 0.553333 0.174306 0.220000
178 0.396181 0.233889 0.179861 0.245556
307 0.551389 0.145000 0.223611 0.172222
97 0.368403 0.311111 0.145139 0.273333
237 0.282292 0.394444 0.225694 0.137778
88 0.528819 0.481667 0.236806 0.196667
16 0.472569 0.437778 0.382639 0.217778
18 0.476042 0.319444 0.470139 0.067778
261 0.167361 0.478333 0.240278 0.158889
175 0.511806 0.091111 0.097222 0.048889
55 0.137153 0.466111 0.190972 0.083333
47 0.321528 0.311667 0.204167 0.103333
155 0.563889 0.257778 0.347222 0.388889
169 0.139236 0.293889 0.224306 0.123333
73 0.469444 0.461667 0.244444 0.167778
93 0.462153 0.203333 0.193750 0.255556
38 0.281944 0.337778 0.243056 0.077778
234 0.315972 0.298333 0.163889 0.232222
232 0.582292 0.513889 0.214583 0.256667
39 0.550694 0.316667 0.243056 0.077778
262 0.489931 0.330556 0.229861 0.238889