86 0.466667 0.220000 0.266667 0.235556
36 0.495833 0.073333 0.243056 0.077778
11 0.386458 0.396111 0.286806 0.207778
88 0.225347 0.340000 0.270139 0.273333
73 0.571528 0.432778 0.161111 0.243333
230 0.541667 0.255556 0.222222 0.422222
260 0.453125 0.478889 0.142361 0.126667
189 0.158681 0.566667 0.259028 0.244444
288 0.694792 0.121111 0.488194 0.095556
15 0.122222 0.066667 0.097222 0.048889
59 0.637847 0.205000 0.271528 0.096667
141 0.438194 0.433889 0.154167 0.221111
127 0.572917 0.222222 0.258333 0.268889
13 0.416319 0.350556 0.296528 0.078889
282 0.737847 0.270556 0.549306 0.176667
269 0.153819 0.356111 0.204861 0.234444
117 0.279167 0.506667 0.172222 0.162222