265 0.536458 0.500556 0.263194 0.118889
91 0.318403 0.354444 0.236806 0.240000
104 0.133681 0.420000 0.139583 0.237778
282 0.602083 0.354444 0.330556 0.166667
71 0.438889 0.350000 0.201389 0.142222
129 0.480556 0.366111 0.227778 0.218889
210 0.567361 0.367222 0.230556 0.147778
257 0.211806 0.220556 0.258333 0.261111
18 0.198264 0.399444 0.338194 0.101111
186 0.175000 0.326667 0.151389 0.262222
214 0.598264 0.285000 0.238194 0.254444
27 0.145139 0.122222 0.097222 0.048889
99 0.384375 0.392222 0.236806 0.251111
142 0.489236 0.357778 0.197917 0.148889
185 0.250694 0.190000 0.143056 0.128889
262 0.609028 0.438333 0.245833 0.272222
172 0.275347 0.490556 0.163194 0.238889
31 0.390278 0.222222 0.083333 0.046667
206 0.565972 0.286667 0.243056 0.077778
286 0.482292 0.371667 0.517361 0.121111
248 0.581944 0.153889 0.248611 0.205556
64 0.128472 0.482222 0.222222 0.422222
291 0.569792 0.380556 0.411806 0.187778
197 0.453125 0.383889 0.249306 0.261111