257 0.136111 0.292778 0.159722 0.196667
26 0.348611 0.242222 0.097222 0.048889
167 0.307986 0.196667 0.260417 0.120000
309 0.537847 0.312222 0.200694 0.175556
48 0.221181 0.060000 0.232639 0.073333
284 0.437500 0.477778 0.411111 0.217778
63 0.528472 0.558889 0.222222 0.422222
229 0.136111 0.559444 0.168056 0.243333
164 0.579861 0.385556 0.186111 0.180000
314 0.485069 0.326111 0.231250 0.223333
221 0.293750 0.432778 0.270833 0.127778
290 0.381597 0.111667 0.478472 0.178889
62 0.568750 0.243333 0.243056 0.077778