264 0.166319 0.343889 0.246528 0.247778
15 0.330556 0.140000 0.097222 0.048889
83 0.436806 0.171667 0.269444 0.245556
198 0.179861 0.321667 0.223611 0.150000
71 0.162847 0.147778 0.229861 0.137778
284 0.298264 0.178333 0.431250 0.132222
256 0.484375 0.190000 0.139583 0.122222
235 0.271875 0.323889 0.242361 0.212222
161 0.475347 0.483333 0.181250 0.262222
127 0.596528 0.386111 0.250000 0.214444
278 0.469444 0.402222 0.302778 0.166667
189 0.398958 0.196667 0.264583 0.264444
237 0.479167 0.245556 0.225000 0.264444
120 0.418056 0.123889 0.256944 0.116667
147 0.607639 0.407778 0.334722 0.535556
255 0.120833 0.471111 0.158333 0.173333
126 0.139236 0.387222 0.150694 0.265556
107 0.123611 0.236111 0.179167 0.258889