43 0.446528 0.225556 0.243056 0.077778
293 0.508333 0.437778 0.530556 0.068889
231 0.129167 0.450000 0.168056 0.226667
235 0.572569 0.467222 0.239583 0.114444
146 0.271181 0.342778 0.257639 0.127778
154 0.565972 0.634444 0.347222 0.388889
201 0.531944 0.384444 0.097222 0.048889
253 0.195139 0.106111 0.150000 0.152222
303 0.561806 0.250000 0.206944 0.235556
17 0.545139 0.140000 0.406944 0.104444
211 0.513542 0.488333 0.170139 0.230000
164 0.518750 0.411111 0.233333 0.173333
40 0.261111 0.436667 0.243056 0.077778
19 0.236111 0.434444 0.097222 0.048889
62 0.381250 0.458889 0.243056 0.077778
220 0.462500 0.492222 0.225000 0.224444
119 0.637153 0.387222 0.272917 0.192222