155 0.338889 0.565556 0.347222 0.388889
189 0.603472 0.409444 0.254167 0.174444
19 0.080556 0.130000 0.097222 0.048889
141 0.264583 0.511111 0.265278 0.146667
181 0.306250 0.392222 0.219444 0.137778
273 0.246528 0.303333 0.241667 0.244444
218 0.353125 0.440000 0.252083 0.128889
42 0.245139 0.236667 0.243056 0.077778
66 0.538889 0.441111 0.222222 0.422222
137 0.479514 0.186111 0.182639 0.214444
112 0.430208 0.406667 0.225694 0.182222
101 0.583333 0.183889 0.259722 0.134444
310 0.188542 0.403333 0.157639 0.175556
276 0.475000 0.372222 0.312500 0.184444
303 0.643056 0.244444 0.268056 0.268889
106 0.488889 0.183333 0.231944 0.262222
63 0.188194 0.394444 0.222222 0.422222
48 0.374653 0.187222 0.175694 0.076667
131 0.512847 0.482222 0.252083 0.222222