104 0.546875 0.131667 0.210417 0.183333
158 0.471528 0.334444 0.347222 0.388889
143 0.465625 0.485000 0.197917 0.194444
0 0.713889 0.322222 1.000000 0.066667
161 0.345486 0.145000 0.274306 0.176667
175 0.406250 0.268889 0.097222 0.048889
124 0.170139 0.406111 0.186111 0.254444
120 0.409028 0.496667 0.223611 0.240000
129 0.222222 0.282778 0.226389 0.125556
252 0.313889 0.512222 0.152778 0.206667
296 0.635764 0.098889 0.443750 0.084444
3 0.522222 0.091111 1.000000 0.066667
34 0.366667 0.310000 0.097222 0.048889
219 0.261806 0.256667 0.097222 0.048889
227 0.252431 0.452778 0.178472 0.256667
145 0.436111 0.255556 0.269444 0.164444
239 0.270139 0.369444 0.202778 0.210000
33 0.211806 0.427778 0.097222 0.048889
112 0.370486 0.366111 0.235417 0.172222
130 0.405208 0.152778 0.259028 0.167778
179 0.463194 0.155556 0.187500 0.131111
257 0.572917 0.213333 0.181944 0.277778
240 0.373611 0.492778 0.273611 0.232222
5 0.630208 0.386667 0.365972 0.200000
41 0.608333 0.208889 0.243056 0.077778