170 0.340972 0.452778 0.194444 0.147778
27 0.173611 0.394444 0.097222 0.048889
166 0.630208 0.384444 0.264583 0.128889
13 0.638542 0.196111 0.331250 0.092222
259 0.546181 0.226111 0.159028 0.218889
234 0.364236 0.165000 0.143750 0.147778
93 0.175694 0.488889 0.259722 0.151111
310 0.486806 0.206667 0.229167 0.188889
244 0.427083 0.126111 0.252778 0.145556
264 0.508681 0.479444 0.149306 0.187778
91 0.287847 0.496667 0.268750 0.148889
10 0.454514 0.468889 0.324306 0.115556
73 0.606597 0.461667 0.239583 0.223333
268 0.180208 0.310000 0.177083 0.262222
255 0.300694 0.158333 0.175000 0.185556
269 0.105208 0.182778 0.161806 0.254444
212 0.319792 0.181111 0.179861 0.151111
280 0.579514 0.218333 0.403472 0.198889
159 0.639931 0.454444 0.260417 0.242222
199 0.152778 0.312222 0.180556 0.137778
278 0.440625 0.398333 0.415972 0.147778