69 0.420139 0.233333 0.222222 0.422222
106 0.209722 0.497222 0.223611 0.265556
4 0.344444 0.510556 0.472222 0.134444
198 0.532639 0.318333 0.231944 0.201111
269 0.235069 0.407222 0.154861 0.176667
29 0.532639 0.453889 0.072222 0.043333
55 0.302083 0.249444 0.275000 0.096667
103 0.178125 0.486111 0.217361 0.174444
283 0.648611 0.346667 0.333333 0.140000
288 0.361806 0.194444 0.436111 0.137778
273 0.282639 0.313333 0.215278 0.173333
303 0.373611 0.428333 0.212500 0.261111
56 0.221528 0.068889 0.219444 0.086667
70 0.562153 0.438889 0.171528 0.251111
161 0.149653 0.357778 0.197917 0.188889
222 0.570486 0.368889 0.157639 0.222222