125 0.560069 0.445556 0.245139 0.235556
100 0.333681 0.238889 0.190972 0.128889
293 0.684375 0.245556 0.342361 0.153333
154 0.636806 0.287778 0.347222 0.388889
234 0.434028 0.176111 0.147222 0.132222
198 0.611111 0.289444 0.197222 0.214444
69 0.237500 0.465556 0.222222 0.422222
282 0.661458 0.365000 0.378472 0.212222
214 0.166667 0.197222 0.219444 0.138889
18 0.422569 0.357778 0.324306 0.186667
219 0.549306 0.360000 0.097222 0.048889
55 0.487847 0.349444 0.250694 0.087778
39 0.297917 0.237778 0.243056 0.077778
182 0.425694 0.511111 0.208333 0.186667
312 0.531597 0.297778 0.267361 0.197778
189 0.187153 0.306111 0.185417 0.138889
185 0.236111 0.406667 0.161111 0.115556
170 0.205556 0.278889 0.272222 0.131111
212 0.233333 0.182222 0.262500 0.253333
95 0.291667 0.107778 0.222222 0.115556
162 0.519444 0.196111 0.247222 0.276667
183 0.557639 0.251111 0.198611 0.144444
250 0.541667 0.323333 0.218056 0.164444