203 0.263194 0.341111 0.141667 0.275556
6 0.369792 0.351111 0.306250 0.177778
194 0.514583 0.166111 0.211111 0.178889
38 0.249306 0.383333 0.243056 0.077778
2 0.670139 0.264444 1.000000 0.066667
287 0.251042 0.326111 0.313194 0.076667
143 0.454861 0.262778 0.184722 0.267778
162 0.352083 0.158889 0.223611 0.211111
150 0.480903 0.351667 0.147917 0.218889
146 0.565972 0.175556 0.251389 0.131111
44 0.579167 0.133333 0.243056 0.077778
276 0.535417 0.230000 0.440278 0.153333
204 0.534722 0.316667 0.266667 0.113333
225 0.532639 0.344444 0.097222 0.048889
298 0.483681 0.267222 0.515972 0.150000
271 0.460069 0.525556 0.225694 0.266667
145 0.359375 0.427778 0.217361 0.271111
119 0.504514 0.520000 0.246528 0.151111