48 0.147917 0.407778 0.266667 0.097778
252 0.545486 0.487778 0.222917 0.124444
281 0.308681 0.206111 0.384028 0.210000
290 0.231597 0.421667 0.281250 0.147778
84 0.218750 0.363889 0.237500 0.112222
285 0.583681 0.466667 0.393750 0.182222
289 0.601736 0.366667 0.471528 0.088889
280 0.502778 0.418889 0.301389 0.173333
225 0.134028 0.445556 0.097222 0.048889
183 0.212500 0.453333 0.254167 0.277778
312 0.244444 0.478889 0.277778 0.231111
129 0.580556 0.431111 0.226389 0.122222
249 0.568056 0.170556 0.227778 0.127778
79 0.223264 0.374444 0.189583 0.144444
180 0.443056 0.361111 0.215278 0.160000
306 0.336111 0.308889 0.198611 0.233333