213 0.501042 0.223889 0.240972 0.118889
57 0.586111 0.481111 0.184722 0.082222
44 0.488194 0.167778 0.243056 0.077778
169 0.482639 0.531111 0.241667 0.191111
163 0.409375 0.437222 0.153472 0.241111
280 0.341667 0.251667 0.366667 0.141111
144 0.353472 0.365556 0.276389 0.253333
172 0.508333 0.162778 0.252778 0.265556
225 0.161806 0.306667 0.097222 0.048889
85 0.327778 0.472778 0.229167 0.163333
32 0.557639 0.173889 0.112500 0.041111
103 0.499653 0.385556 0.242361 0.231111
39 0.400694 0.137778 0.243056 0.077778
240 0.234722 0.246667 0.206944 0.204444
314 0.517014 0.166111 0.228472 0.234444
315 0.512153 0.310556 0.170139 0.214444