137 0.459375 0.227222 0.268750 0.205556
106 0.516319 0.346667 0.217361 0.240000
241 0.525347 0.182222 0.277083 0.126667
135 0.340278 0.483889 0.233333 0.198889
50 0.266319 0.467222 0.231250 0.081111
7 0.481944 0.522222 0.173611 0.555556
238 0.193750 0.371667 0.138889 0.216667
312 0.174653 0.342222 0.211806 0.164444
90 0.697222 0.313333 0.444444 0.444444
154 0.260417 0.343333 0.347222 0.388889
70 0.405903 0.170556 0.234028 0.241111
283 0.664583 0.132222 0.395833 0.193333
282 0.581597 0.151667 0.310417 0.127778
24 0.261806 0.393333 0.097222 0.048889
55 0.255208 0.132222 0.242361 0.095556