310 0.534722 0.336667 0.241667 0.111111
61 0.539236 0.332778 0.179861 0.103333
301 0.155556 0.148889 0.209722 0.242222
266 0.551389 0.473333 0.180556 0.231111
91 0.265278 0.390556 0.158333 0.234444
208 0.222569 0.477778 0.181250 0.268889
4 0.578819 0.321667 0.374306 0.218889
155 0.556250 0.503333 0.347222 0.388889
135 0.508681 0.205000 0.199306 0.145556
17 0.282292 0.197778 0.436806 0.184444
293 0.357986 0.350000 0.536806 0.173333
136 0.211458 0.235000 0.252083 0.152222
121 0.212153 0.389444 0.143750 0.274444
23 0.435417 0.222222 0.033333 0.053333
284 0.396875 0.175556 0.503472 0.117778