123 0.478125 0.473889 0.197917 0.192222
247 0.119444 0.196111 0.186111 0.214444
179 0.260417 0.498333 0.258333 0.147778
174 0.364583 0.317778 0.097222 0.048889
258 0.245486 0.442222 0.268750 0.235556
121 0.185417 0.207778 0.226389 0.255556
276 0.659722 0.253333 0.298611 0.073333
75 0.555556 0.480000 0.486111 0.266667
181 0.422569 0.352778 0.170139 0.161111
252 0.443056 0.473889 0.193056 0.252222
165 0.420139 0.151667 0.258333 0.181111
251 0.118403 0.537222 0.153472 0.247778
283 0.320486 0.490000 0.382639 0.197778
299 0.349306 0.480556 0.245833 0.134444
264 0.185069 0.332778 0.238194 0.267778
77 0.666667 0.476667 0.486111 0.266667
130 0.207639 0.128333 0.165278 0.118889