6 0.289583 0.385000 0.530556 0.123333
54 0.535069 0.408333 0.181250 0.090000
142 0.411111 0.256111 0.152778 0.127778
296 0.235417 0.406111 0.347222 0.103333
123 0.386458 0.511111 0.175694 0.228889
239 0.570139 0.188889 0.161111 0.215556
230 0.427083 0.258889 0.222222 0.422222
146 0.173611 0.273889 0.245833 0.170000
216 0.513542 0.343333 0.252083 0.226667
293 0.737153 0.472222 0.509028 0.126667
106 0.350347 0.215556 0.181250 0.217778
233 0.117708 0.483333 0.179861 0.248889
112 0.276736 0.217222 0.234028 0.194444
196 0.171875 0.513889 0.242361 0.165556
315 0.312153 0.223333 0.274306 0.208889
19 0.377083 0.330000 0.097222 0.048889
139 0.501389 0.344444 0.197222 0.157778
211 0.208681 0.133333 0.239583 0.186667
226 0.280556 0.242222 0.097222 0.048889
221 0.357639 0.251111 0.238889 0.257778
242 0.420833 0.170556 0.144444 0.181111
198 0.580556 0.494444 0.162500 0.262222
217 0.359722 0.163333 0.213889 0.115556
118 0.268056 0.326111 0.244444 0.170000