162 0.532639 0.259444 0.227778 0.256667
303 0.314931 0.154444 0.149306 0.253333
297 0.581597 0.278889 0.493750 0.155556
147 0.625694 0.521111 0.334722 0.535556
298 0.330556 0.137778 0.375000 0.222222
160 0.330208 0.276111 0.229861 0.270000
99 0.298958 0.121667 0.185417 0.178889
67 0.247222 0.561111 0.222222 0.422222
34 0.091667 0.386667 0.097222 0.048889
310 0.372222 0.272222 0.258333 0.155556
176 0.262847 0.184444 0.245139 0.191111
63 0.244444 0.355556 0.222222 0.422222
193 0.353472 0.517778 0.215278 0.255556
191 0.372222 0.330000 0.155556 0.277778
27 0.349306 0.351111 0.097222 0.048889
101 0.222222 0.102778 0.243056 0.150000
168 0.196181 0.342778 0.263194 0.147778