149 0.495833 0.326667 0.252778 0.404444
87 0.153125 0.130000 0.204861 0.135556
109 0.402778 0.379444 0.205556 0.121111
251 0.560764 0.538889 0.254861 0.277778
104 0.632639 0.499444 0.247222 0.127778
74 0.578472 0.501111 0.486111 0.266667
163 0.540972 0.502778 0.262500 0.127778
257 0.482639 0.388333 0.172222 0.201111
177 0.167708 0.195556 0.150694 0.257778
91 0.524306 0.393333 0.147222 0.175556
170 0.260069 0.223333 0.167361 0.235556
194 0.310417 0.205000 0.273611 0.205556
100 0.264931 0.202222 0.175694 0.111111
171 0.421528 0.347222 0.256944 0.185556
106 0.217361 0.448333 0.244444 0.212222
274 0.382639 0.093333 0.201389 0.142222
55 0.177431 0.140000 0.207639 0.108889
197 0.583333 0.108333 0.169444 0.112222
37 0.477778 0.445556 0.243056 0.077778
284 0.502431 0.404444 0.504861 0.153333
213 0.604861 0.293889 0.233333 0.276667
268 0.422569 0.456111 0.154861 0.127778
304 0.335069 0.278333 0.221528 0.147778
12 0.574653 0.455000 0.409028 0.074444
288 0.477778 0.276667 0.329167 0.073333