54 0.327431 0.420000 0.253472 0.086667
244 0.378819 0.386667 0.164583 0.235556
111 0.226736 0.229444 0.231250 0.258889
293 0.615625 0.439444 0.379861 0.190000
153 0.575694 0.472222 0.347222 0.388889
34 0.348611 0.201111 0.097222 0.048889
21 0.381250 0.083333 0.097222 0.048889
126 0.491667 0.367778 0.208333 0.244444
74 0.358333 0.224444 0.486111 0.266667
180 0.437153 0.488333 0.240972 0.230000
60 0.203125 0.468889 0.267361 0.073333
178 0.504861 0.395556 0.156944 0.113333
305 0.447222 0.400556 0.208333 0.123333
131 0.128819 0.446111 0.197917 0.207778
139 0.317708 0.291111 0.188194 0.117778
285 0.642708 0.467222 0.292361 0.163333
57 0.236806 0.124444 0.226389 0.108889
71 0.473958 0.431111 0.238194 0.166667
175 0.295139 0.175556 0.097222 0.048889
188 0.414931 0.400000 0.271528 0.213333