145 0.385417 0.307222 0.205556 0.223333
128 0.245139 0.173889 0.208333 0.114444
4 0.387500 0.455556 0.451389 0.082222
9 0.299306 0.564444 0.173611 0.555556
169 0.146528 0.392778 0.237500 0.170000
147 0.398611 0.308889 0.334722 0.535556
316 0.519444 0.333333 0.193056 0.166667
222 0.443056 0.145556 0.191667 0.220000
111 0.482292 0.298889 0.215972 0.151111
110 0.519444 0.327778 0.231944 0.208889
161 0.254861 0.084444 0.269444 0.111111
210 0.288194 0.360000 0.251389 0.213333
18 0.434722 0.170000 0.534722 0.204444
40 0.451389 0.378889 0.243056 0.077778
156 0.495139 0.427778 0.347222 0.388889
236 0.305903 0.427778 0.206250 0.220000
32 0.545486 0.122222 0.082639 0.046667
246 0.538542 0.521111 0.221528 0.233333
130 0.623958 0.358889 0.254861 0.115556
183 0.370833 0.513889 0.175000 0.183333
64 0.175694 0.481111 0.222222 0.422222
78 0.225347 0.141667 0.228472 0.183333
285 0.493403 0.119444 0.417361 0.170000
315 0.541667 0.365556 0.166667 0.226667
119 0.455208 0.333333 0.235417 0.233333