113 0.604861 0.180000 0.213889 0.171111
24 0.086806 0.326667 0.097222 0.048889
230 0.397222 0.631111 0.222222 0.422222
239 0.286458 0.203889 0.185417 0.201111
130 0.315278 0.288333 0.252778 0.147778
87 0.581944 0.517778 0.145833 0.188889
232 0.587153 0.194444 0.167361 0.231111
106 0.163194 0.503333 0.150000 0.133333
163 0.480556 0.460556 0.186111 0.192222
217 0.121528 0.244444 0.154167 0.264444
36 0.427083 0.454444 0.243056 0.077778
65 0.590972 0.413333 0.222222 0.422222
219 0.106250 0.290000 0.097222 0.048889
121 0.244444 0.522778 0.237500 0.174444
184 0.638542 0.417222 0.254861 0.156667
46 0.211458 0.308333 0.222917 0.072222
202 0.359375 0.418889 0.277083 0.222222
118 0.578125 0.396111 0.224306 0.276667
211 0.302431 0.471667 0.272917 0.207778
78 0.359722 0.167778 0.205556 0.253333
18 0.482986 0.312778 0.539583 0.121111
8 0.472222 0.470000 0.173611 0.555556
45 0.424306 0.084444 0.243056 0.077778
161 0.285764 0.203333 0.256250 0.208889
288 0.255903 0.146111 0.463194 0.172222