81 0.525347 0.148889 0.222917 0.173333
174 0.086806 0.174444 0.097222 0.048889
193 0.126736 0.525000 0.217361 0.227778
178 0.393750 0.442778 0.151389 0.205556
298 0.556944 0.131667 0.356944 0.134444
167 0.580208 0.465000 0.229861 0.261111
44 0.298611 0.171111 0.243056 0.077778
65 0.239583 0.316667 0.222222 0.422222
266 0.625347 0.213889 0.250694 0.252222
46 0.573611 0.366667 0.184722 0.091111
93 0.578472 0.120000 0.190278 0.162222
135 0.162500 0.296111 0.184722 0.134444
125 0.296528 0.432222 0.209722 0.182222
140 0.336806 0.236667 0.141667 0.217778
245 0.489583 0.428889 0.209722 0.131111
21 0.292361 0.181111 0.097222 0.048889
185 0.120139 0.196667 0.165278 0.224444
288 0.642708 0.435556 0.485417 0.066667
264 0.320486 0.510556 0.246528 0.154444
37 0.527083 0.163333 0.243056 0.077778