231 0.495486 0.381111 0.228472 0.137778
37 0.329861 0.112222 0.243056 0.077778
196 0.196875 0.205556 0.156250 0.162222
41 0.530556 0.420000 0.243056 0.077778
152 0.336806 0.325000 0.205556 0.203333
9 0.394444 0.518889 0.173611 0.555556
316 0.453819 0.281111 0.185417 0.186667
50 0.304167 0.125556 0.244444 0.066667
153 0.489583 0.615556 0.347222 0.388889
200 0.265972 0.150000 0.097222 0.048889
296 0.206250 0.437222 0.334722 0.207778
120 0.427431 0.418333 0.236806 0.263333
262 0.154861 0.342222 0.268056 0.173333
281 0.411111 0.424444 0.406944 0.193333
179 0.289236 0.146667 0.254861 0.248889
102 0.432639 0.456667 0.444444 0.444444
151 0.285764 0.358333 0.207639 0.261111
248 0.268056 0.224444 0.269444 0.140000
309 0.393056 0.295000 0.245833 0.118889