75 0.345833 0.294444 0.486111 0.266667
307 0.310764 0.351667 0.167361 0.265556
276 0.598264 0.299444 0.379861 0.187778
208 0.255556 0.533333 0.179167 0.206667
46 0.169444 0.290000 0.216667 0.093333
250 0.619444 0.392222 0.219444 0.171111
227 0.450347 0.231667 0.261806 0.154444
134 0.530556 0.125556 0.190278 0.135556
133 0.147569 0.107778 0.153472 0.148889
230 0.402778 0.480000 0.222222 0.422222
188 0.211458 0.240556 0.272917 0.207778
157 0.281944 0.578889 0.347222 0.388889
86 0.255208 0.180000 0.243750 0.233333
263 0.165972 0.258333 0.198611 0.223333
23 0.203472 0.388889 0.033333 0.053333
275 0.517708 0.240556 0.429861 0.147778
190 0.334028 0.206111 0.175000 0.125556
239 0.354861 0.308333 0.154167 0.187778
108 0.171181 0.172778 0.154861 0.203333
310 0.472917 0.187778 0.227778 0.204444
209 0.248264 0.314444 0.139583 0.117778
257 0.407292 0.312778 0.149306 0.145556
266 0.519097 0.533889 0.215972 0.274444
78 0.473611 0.371667 0.162500 0.125556