17 0.605903 0.150000 0.432639 0.186667
293 0.588194 0.315000 0.316667 0.207778
64 0.214583 0.265556 0.222222 0.422222
175 0.207639 0.333333 0.097222 0.048889
219 0.385417 0.412222 0.097222 0.048889
1 0.657639 0.207778 1.000000 0.066667
57 0.401042 0.384444 0.265972 0.084444
137 0.501389 0.327778 0.159722 0.193333
226 0.459722 0.442222 0.097222 0.048889
20 0.134028 0.175556 0.097222 0.048889
135 0.169444 0.501111 0.190278 0.273333
189 0.265625 0.430000 0.246528 0.168889
8 0.193056 0.714444 0.173611 0.555556
122 0.446875 0.291111 0.253472 0.120000
300 0.413194 0.544444 0.486111 0.266667
6 0.255903 0.464444 0.381250 0.220000
247 0.545486 0.459444 0.246528 0.123333
138 0.089236 0.341667 0.145139 0.221111
33 0.412500 0.103333 0.097222 0.048889
102 0.727778 0.436667 0.444444 0.444444
187 0.503125 0.369444 0.163194 0.227778
201 0.234722 0.154444 0.097222 0.048889
144 0.284028 0.425000 0.254167 0.112222
164 0.378472 0.363889 0.236111 0.125556
234 0.194097 0.547778 0.156250 0.224444