218 0.163194 0.231111 0.168056 0.157778
221 0.380208 0.263333 0.271528 0.144444
87 0.194444 0.259444 0.230556 0.158889
189 0.250000 0.132778 0.200000 0.216667
279 0.560417 0.290000 0.526389 0.191111
125 0.585069 0.560556 0.267361 0.274444
6 0.313542 0.406667 0.360417 0.151111
47 0.347569 0.442222 0.210417 0.068889
190 0.329514 0.426667 0.186806 0.248889
171 0.361806 0.365000 0.261111 0.256667
51 0.184722 0.211667 0.208333 0.083333
261 0.312153 0.490556 0.265972 0.198889
167 0.368403 0.261111 0.202083 0.180000
183 0.539931 0.136111 0.197917 0.136667
300 0.699306 0.331111 0.486111 0.266667
166 0.473958 0.230000 0.177083 0.193333
197 0.544097 0.474444 0.217361 0.122222