254 0.319792 0.311111 0.149306 0.171111
77 0.536806 0.244444 0.486111 0.266667
187 0.169444 0.245000 0.208333 0.267778
188 0.406250 0.398889 0.229167 0.200000
13 0.608333 0.090000 0.538889 0.124444
38 0.586111 0.451111 0.243056 0.077778
123 0.623958 0.196111 0.246528 0.270000
249 0.497222 0.159444 0.240278 0.221111
316 0.128125 0.316111 0.142361 0.127778
83 0.451042 0.468889 0.229861 0.122222
314 0.396528 0.253333 0.230556 0.162222
35 0.108333 0.468889 0.097222 0.048889
85 0.347222 0.330000 0.169444 0.166667
183 0.269792 0.380556 0.245139 0.250000
223 0.368750 0.297778 0.243056 0.180000
22 0.289583 0.418889 0.033333 0.053333
236 0.429861 0.322222 0.233333 0.206667
126 0.168750 0.256111 0.154167 0.230000
242 0.264236 0.543889 0.145139 0.236667
138 0.106944 0.333889 0.170833 0.258889
110 0.636806 0.422778 0.268056 0.205556
221 0.240625 0.115556 0.236806 0.133333