191 0.318403 0.137222 0.156250 0.118889
62 0.467361 0.342222 0.243056 0.077778
60 0.548264 0.091667 0.188194 0.083333
8 0.474306 0.597778 0.173611 0.555556
168 0.363194 0.368333 0.270833 0.123333
96 0.614583 0.362778 0.230556 0.254444
288 0.450347 0.145556 0.400694 0.104444
3 0.707639 0.181111 1.000000 0.066667
127 0.524653 0.365000 0.242361 0.210000
99 0.143056 0.448889 0.237500 0.255556
106 0.334375 0.400000 0.170139 0.253333
80 0.145833 0.178889 0.176389 0.266667
78 0.550000 0.139444 0.140278 0.221111
141 0.496181 0.411667 0.142361 0.167778
165 0.423611 0.340000 0.147222 0.195556
278 0.386458 0.511111 0.411806 0.153333
280 0.648958 0.351667 0.400694 0.123333
212 0.401389 0.516667 0.163889 0.213333
150 0.505903 0.144444 0.225694 0.226667
142 0.367361 0.375556 0.177778 0.146667
185 0.457986 0.550000 0.193750 0.220000
23 0.356944 0.391111 0.033333 0.053333
83 0.317361 0.402778 0.144444 0.116667