279 0.453125 0.312222 0.334028 0.208889
245 0.440972 0.327222 0.211111 0.236667
29 0.179167 0.348889 0.069444 0.051111
232 0.527431 0.145556 0.161806 0.191111
2 0.547222 0.385556 1.000000 0.066667
176 0.238889 0.396667 0.193056 0.133333
164 0.585069 0.458333 0.263194 0.232222
1 0.772917 0.261111 1.000000 0.066667
206 0.342361 0.107778 0.243056 0.077778
180 0.339583 0.196667 0.150000 0.224444
116 0.394792 0.513333 0.275694 0.213333
19 0.264583 0.060000 0.097222 0.048889
299 0.236806 0.377778 0.180556 0.257778
247 0.371181 0.479444 0.164583 0.123333
275 0.269792 0.350000 0.328472 0.186667