199 0.360069 0.118889 0.253472 0.171111
166 0.369444 0.315000 0.263889 0.158889
208 0.140972 0.157778 0.223611 0.257778
80 0.333333 0.150000 0.237500 0.164444
148 0.172917 0.546667 0.173611 0.208889
293 0.524306 0.532778 0.426389 0.210000
181 0.620139 0.165556 0.238889 0.175556
303 0.552778 0.486111 0.193056 0.141111
65 0.162500 0.517778 0.222222 0.422222
280 0.509375 0.133333 0.415972 0.075556
34 0.517361 0.360000 0.097222 0.048889
217 0.197222 0.143333 0.166667 0.173333
285 0.504514 0.202222 0.529861 0.153333
235 0.192014 0.367778 0.242361 0.217778
283 0.727083 0.549444 0.505556 0.214444
305 0.496528 0.413889 0.155556 0.167778
193 0.402431 0.251111 0.218750 0.255556
234 0.321181 0.141111 0.189583 0.142222
194 0.344792 0.511111 0.254861 0.140000
3 0.737500 0.181111 1.000000 0.066667