41 0.359722 0.215556 0.243056 0.077778
138 0.422222 0.190000 0.229167 0.202222
0 0.911111 0.334444 1.000000 0.066667
163 0.150000 0.317778 0.197222 0.264444
303 0.579861 0.338333 0.170833 0.225556
287 0.480556 0.134444 0.430556 0.177778
257 0.192014 0.190000 0.182639 0.153333
34 0.097222 0.157778 0.097222 0.048889
191 0.126736 0.137778 0.170139 0.224444
8 0.268750 0.643333 0.173611 0.555556
93 0.328819 0.361111 0.174306 0.151111
12 0.395139 0.479444 0.426389 0.134444
127 0.420486 0.179444 0.210417 0.147778
116 0.507639 0.255556 0.148611 0.133333
64 0.450694 0.256667 0.222222 0.422222
267 0.312847 0.469444 0.165972 0.207778
38 0.297222 0.221111 0.243056 0.077778
184 0.140278 0.376667 0.247222 0.142222
66 0.406944 0.501111 0.222222 0.422222
110 0.432639 0.365556 0.272222 0.277778
16 0.470139 0.188333 0.425000 0.176667
107 0.551389 0.401111 0.262500 0.257778