309 0.427083 0.240556 0.154167 0.201111
121 0.454514 0.179444 0.157639 0.176667
151 0.142708 0.370000 0.240972 0.115556
207 0.170139 0.397778 0.222222 0.422222
250 0.180208 0.118889 0.275694 0.173333
127 0.241667 0.477778 0.251389 0.164444
1 0.542361 0.336667 1.000000 0.066667
124 0.425000 0.417222 0.191667 0.203333
194 0.190625 0.207778 0.238194 0.237778
203 0.169444 0.496111 0.187500 0.145556
288 0.695486 0.498333 0.397917 0.145556
71 0.156597 0.412778 0.185417 0.192222
261 0.534722 0.478333 0.212500 0.250000
57 0.582986 0.410556 0.238194 0.087778
316 0.347917 0.290556 0.179167 0.170000
242 0.245486 0.547778 0.225694 0.253333
219 0.555556 0.246667 0.097222 0.048889
96 0.154861 0.294444 0.193056 0.151111
73 0.426389 0.322778 0.258333 0.258889
31 0.413194 0.270000 0.079167 0.053333
312 0.438542 0.465556 0.163194 0.193333
19 0.127083 0.318889 0.097222 0.048889
310 0.590625 0.352222 0.209028 0.140000
200 0.077778 0.392222 0.097222 0.048889
42 0.256944 0.307778 0.243056 0.077778