82 0.621528 0.243889 0.238889 0.203333
34 0.544444 0.138889 0.097222 0.048889
223 0.286806 0.194444 0.212500 0.135556
42 0.436806 0.402222 0.243056 0.077778
148 0.222569 0.548889 0.243750 0.271111
98 0.478125 0.159444 0.227083 0.165556
180 0.562500 0.359444 0.204167 0.125556
125 0.555556 0.397778 0.238889 0.184444
257 0.501042 0.341667 0.152083 0.245556
271 0.199653 0.127222 0.140972 0.145556
69 0.543056 0.374444 0.222222 0.422222
76 0.648611 0.284444 0.486111 0.266667
277 0.642014 0.133889 0.349306 0.172222
81 0.207986 0.272778 0.209028 0.112222
29 0.482639 0.050556 0.072222 0.043333
15 0.548611 0.127778 0.097222 0.048889
80 0.611806 0.405000 0.248611 0.170000
215 0.142708 0.243889 0.196528 0.132222
55 0.486111 0.396111 0.255556 0.078889
60 0.542361 0.257778 0.250000 0.080000