161 0.364236 0.281111 0.185417 0.111111
54 0.254167 0.066667 0.238889 0.073333
152 0.182292 0.341111 0.209028 0.111111
126 0.553819 0.187778 0.142361 0.246667
252 0.346875 0.201111 0.213194 0.173333
279 0.600000 0.184444 0.533333 0.182222
308 0.498958 0.245556 0.202083 0.142222
253 0.445833 0.417222 0.186111 0.272222
124 0.578819 0.203333 0.202083 0.182222
83 0.451736 0.487222 0.140972 0.252222
104 0.524653 0.205556 0.235417 0.222222
265 0.202778 0.521111 0.255556 0.160000
295 0.404861 0.551667 0.290278 0.218889
118 0.206944 0.370000 0.223611 0.200000
214 0.513194 0.489444 0.154167 0.210000
309 0.234375 0.434444 0.177083 0.202222
41 0.224306 0.186667 0.243056 0.077778
20 0.176389 0.188889 0.097222 0.048889
280 0.380208 0.320000 0.336806 0.086667
220 0.210764 0.272778 0.168750 0.147778