254 0.596181 0.232222 0.181250 0.220000
102 0.472222 0.464444 0.444444 0.444444
308 0.361806 0.167222 0.209722 0.127778
123 0.534028 0.185000 0.209722 0.127778
187 0.348958 0.313333 0.192361 0.200000
125 0.516319 0.186667 0.147917 0.266667
224 0.400347 0.326111 0.161806 0.232222
142 0.534722 0.475556 0.152778 0.120000
207 0.422917 0.452222 0.222222 0.422222
314 0.258681 0.352222 0.204861 0.168889
196 0.301042 0.227222 0.257639 0.143333
253 0.371181 0.391111 0.240972 0.128889
138 0.544097 0.322778 0.147917 0.218889
164 0.255556 0.180000 0.176389 0.202222
278 0.255556 0.207222 0.458333 0.187778
234 0.220139 0.085000 0.252778 0.121111
309 0.383681 0.485000 0.199306 0.172222
287 0.364236 0.233333 0.281250 0.211111
81 0.510069 0.221667 0.236806 0.143333
261 0.516319 0.438333 0.235417 0.112222
91 0.296528 0.310556 0.198611 0.230000
277 0.245139 0.496111 0.347222 0.163333