215 0.489236 0.523889 0.145139 0.272222
28 0.311111 0.061111 0.243056 0.077778
38 0.158333 0.113333 0.243056 0.077778
248 0.257292 0.236111 0.171528 0.243333
131 0.354861 0.082778 0.163889 0.118889
290 0.437153 0.317222 0.352083 0.092222
123 0.219444 0.236111 0.261111 0.194444
4 0.310764 0.363889 0.317361 0.150000
188 0.497917 0.361111 0.156944 0.255556
297 0.346875 0.327778 0.511806 0.066667
97 0.241667 0.207778 0.230556 0.255556
300 0.345833 0.280000 0.486111 0.266667
8 0.513889 0.558889 0.173611 0.555556
45 0.597917 0.441667 0.277778 0.101111
284 0.382639 0.342778 0.458333 0.150000
311 0.442014 0.366667 0.200694 0.126667