26 0.452083 0.276667 0.097222 0.048889
196 0.322569 0.143889 0.186806 0.158889
204 0.562847 0.180556 0.147917 0.132222
223 0.643056 0.412778 0.262500 0.227778
120 0.285764 0.167222 0.139583 0.147778
10 0.466667 0.224444 0.312500 0.180000
41 0.331944 0.177778 0.243056 0.077778
259 0.402431 0.243333 0.193750 0.277778
230 0.309028 0.638889 0.222222 0.422222
30 0.297222 0.151667 0.084722 0.041111
248 0.528819 0.144444 0.231250 0.164444
172 0.549653 0.321667 0.157639 0.272222
127 0.432292 0.397778 0.235417 0.271111
165 0.361458 0.137778 0.263194 0.155556
281 0.451389 0.238889 0.376389 0.117778
292 0.341319 0.311667 0.417361 0.165556
246 0.487500 0.476111 0.262500 0.116667
71 0.353125 0.225000 0.257639 0.127778
221 0.578472 0.466667 0.218056 0.222222
260 0.377431 0.416667 0.249306 0.184444
81 0.627431 0.225000 0.275694 0.256667
64 0.584028 0.560000 0.222222 0.422222
170 0.409028 0.318333 0.201389 0.243333
244 0.290278 0.298889 0.272222 0.268889
107 0.281250 0.572778 0.177778 0.261111