28 0.201389 0.346667 0.243056 0.077778
133 0.518403 0.415556 0.156250 0.111111
125 0.578472 0.395556 0.150000 0.151111
258 0.324306 0.277222 0.179167 0.174444
108 0.279861 0.236111 0.218056 0.236667
273 0.398958 0.382222 0.228472 0.244444
44 0.584028 0.083333 0.243056 0.077778
62 0.311111 0.450000 0.243056 0.077778
157 0.354861 0.625556 0.347222 0.388889
222 0.398958 0.458333 0.182639 0.150000
280 0.618056 0.261667 0.415278 0.123333
53 0.529861 0.352778 0.181944 0.092222
230 0.491667 0.463333 0.222222 0.422222
217 0.341667 0.377222 0.233333 0.218889
178 0.548958 0.547778 0.229861 0.215556
270 0.403125 0.481667 0.214583 0.118889
294 0.637500 0.518333 0.319444 0.183333