269 0.269792 0.458889 0.175694 0.128889
25 0.131944 0.392222 0.097222 0.048889
132 0.485764 0.225556 0.174306 0.231111
21 0.228472 0.111111 0.097222 0.048889
178 0.286111 0.378333 0.201389 0.205556
274 0.556597 0.367222 0.257639 0.223333
311 0.477431 0.171111 0.228472 0.144444
161 0.283333 0.223333 0.202778 0.160000
115 0.627778 0.391111 0.263889 0.122222
251 0.565278 0.466667 0.173611 0.137778
146 0.512500 0.221667 0.206944 0.143333
165 0.291319 0.473333 0.234028 0.164444
181 0.544097 0.421667 0.227083 0.263333
177 0.273611 0.451111 0.197222 0.182222
139 0.355903 0.176667 0.218750 0.235556
259 0.475694 0.145000 0.187500 0.145556
104 0.570833 0.507778 0.259722 0.160000
52 0.209722 0.343889 0.187500 0.090000
38 0.211111 0.454444 0.243056 0.077778