232 0.294444 0.356111 0.218056 0.123333
140 0.546528 0.391667 0.233333 0.212222
223 0.456250 0.402778 0.212500 0.265556
288 0.680208 0.412222 0.503472 0.100000
138 0.567361 0.376667 0.247222 0.188889
111 0.490278 0.417778 0.148611 0.175556
299 0.563194 0.165556 0.272222 0.200000
7 0.384028 0.506667 0.173611 0.555556
200 0.184722 0.393333 0.097222 0.048889
266 0.526042 0.525556 0.264583 0.251111
196 0.394792 0.224444 0.147917 0.197778
233 0.319444 0.432222 0.162500 0.233333
70 0.252083 0.380000 0.143056 0.191111
245 0.475694 0.349444 0.188889 0.150000
69 0.542361 0.566667 0.222222 0.422222
286 0.379514 0.252778 0.435417 0.130000
188 0.621181 0.310556 0.263194 0.216667
13 0.579167 0.428333 0.487500 0.094444
300 0.493056 0.216667 0.486111 0.266667
236 0.127083 0.402222 0.186111 0.162222