179 0.475694 0.367222 0.245833 0.258889
92 0.215278 0.517222 0.140278 0.263333
248 0.429167 0.476111 0.231944 0.165556
242 0.189931 0.526111 0.152083 0.165556
17 0.511111 0.486667 0.330556 0.151111
280 0.240625 0.231111 0.282639 0.108889
223 0.259028 0.122222 0.184722 0.164444
268 0.128125 0.473889 0.149306 0.190000
103 0.209722 0.262222 0.219444 0.171111
22 0.454861 0.198889 0.033333 0.053333
310 0.257986 0.412778 0.274306 0.125556
228 0.482986 0.161667 0.177083 0.183333
214 0.306250 0.443333 0.187500 0.222222
233 0.168056 0.479444 0.263889 0.218889
261 0.526042 0.325000 0.159028 0.270000
254 0.577083 0.415556 0.148611 0.260000
180 0.285417 0.534444 0.141667 0.217778
3 0.675694 0.200000 1.000000 0.066667
63 0.283333 0.444444 0.222222 0.422222
250 0.400694 0.427222 0.173611 0.125556
312 0.463889 0.403333 0.208333 0.137778
65 0.348611 0.342222 0.222222 0.422222
173 0.107639 0.070000 0.097222 0.048889
137 0.465972 0.463889 0.195833 0.150000
256 0.564583 0.195000 0.195833 0.265556