163 0.354861 0.277778 0.275000 0.164444
223 0.587153 0.310000 0.182639 0.204444
132 0.283333 0.333889 0.269444 0.236667
240 0.206597 0.348889 0.271528 0.224444
258 0.326736 0.452222 0.172917 0.124444
209 0.256250 0.489444 0.197222 0.158889
64 0.400694 0.385556 0.222222 0.422222
230 0.522917 0.410000 0.222222 0.422222
188 0.374653 0.484444 0.195139 0.255556
233 0.171181 0.390556 0.152083 0.181111
157 0.515972 0.357778 0.347222 0.388889
147 0.663889 0.445556 0.334722 0.535556
10 0.601042 0.238333 0.300694 0.125556
98 0.593056 0.122222 0.277778 0.177778
127 0.479167 0.403889 0.187500 0.272222
268 0.512847 0.377222 0.143750 0.125556
203 0.186806 0.171111 0.138889 0.237778
139 0.471181 0.299444 0.185417 0.247778
207 0.376389 0.503333 0.222222 0.422222
32 0.404514 0.277778 0.120139 0.042222
58 0.471875 0.232778 0.232639 0.110000
133 0.568403 0.525000 0.221528 0.227778