252 0.596528 0.295556 0.194444 0.235556
158 0.268056 0.535556 0.347222 0.388889
294 0.411458 0.104444 0.334028 0.071111
309 0.379514 0.379444 0.265972 0.196667
220 0.428819 0.229444 0.146528 0.236667
142 0.347917 0.208889 0.222222 0.231111
61 0.599653 0.326667 0.261806 0.102222
243 0.292708 0.225556 0.199306 0.126667
34 0.080556 0.112222 0.097222 0.048889
33 0.443056 0.235556 0.097222 0.048889
103 0.454861 0.383889 0.269444 0.238889
199 0.134028 0.320000 0.188889 0.144444
273 0.542708 0.439444 0.257639 0.174444
114 0.288889 0.381667 0.156944 0.118889
53 0.419097 0.253889 0.184028 0.090000
146 0.495833 0.472778 0.179167 0.161111
144 0.333333 0.414444 0.154167 0.115556
11 0.449653 0.138889 0.314583 0.091111
245 0.238542 0.405556 0.163194 0.235556