1 0.832639 0.235556 1.000000 0.066667
290 0.621181 0.372778 0.538194 0.136667
223 0.373611 0.500556 0.223611 0.203333
267 0.137153 0.312778 0.195139 0.167778
27 0.391667 0.406667 0.097222 0.048889
166 0.368056 0.310000 0.144444 0.186667
242 0.461458 0.372222 0.160417 0.160000
92 0.429861 0.532222 0.152778 0.275556
159 0.553125 0.508333 0.140972 0.216667
64 0.342361 0.407778 0.222222 0.422222
252 0.464236 0.486111 0.143750 0.247778
315 0.354167 0.235556 0.220833 0.115556
218 0.285417 0.179444 0.206944 0.201111
25 0.264583 0.246667 0.097222 0.048889
46 0.333333 0.117778 0.195833 0.095556
216 0.335417 0.429444 0.277778 0.201111
17 0.389236 0.370000 0.338194 0.133333
37 0.515278 0.300000 0.243056 0.077778