244 0.372222 0.569444 0.155556 0.267778
246 0.461458 0.446111 0.160417 0.234444
268 0.611111 0.281111 0.241667 0.253333
192 0.177778 0.483889 0.141667 0.136667
172 0.550694 0.246111 0.240278 0.138889
163 0.471181 0.414444 0.263194 0.240000
91 0.424306 0.216667 0.170833 0.180000
275 0.462500 0.210556 0.354167 0.112222
11 0.319444 0.232778 0.462500 0.105556
71 0.277083 0.488889 0.155556 0.140000
296 0.392708 0.458889 0.340972 0.202222
140 0.315625 0.303333 0.228472 0.260000
143 0.142361 0.150556 0.148611 0.245556
257 0.257292 0.108889 0.179861 0.122222
97 0.196875 0.235000 0.224306 0.138889
55 0.193403 0.097222 0.259028 0.110000
156 0.306944 0.387778 0.347222 0.388889
96 0.163889 0.528333 0.259722 0.232222
112 0.511111 0.348889 0.204167 0.131111
213 0.241319 0.183889 0.222917 0.145556
182 0.220139 0.331111 0.273611 0.237778
27 0.415278 0.227778 0.097222 0.048889