28 0.633333 0.266667 0.243056 0.077778
26 0.293750 0.364444 0.097222 0.048889
202 0.410417 0.470556 0.176389 0.250000
252 0.480903 0.477222 0.252083 0.167778
132 0.479167 0.314444 0.183333 0.268889
167 0.181597 0.115000 0.170139 0.147778
155 0.628472 0.431111 0.347222 0.388889
136 0.299306 0.298333 0.158333 0.274444
264 0.397569 0.165556 0.243750 0.177778
250 0.234722 0.223889 0.173611 0.154444
140 0.461806 0.465000 0.244444 0.156667
83 0.152778 0.437222 0.166667 0.252222
220 0.601042 0.421667 0.231250 0.201111
216 0.496528 0.400556 0.170833 0.150000
287 0.389583 0.157778 0.520833 0.204444