51 0.512847 0.214444 0.213194 0.104444
198 0.589931 0.500000 0.193750 0.235556
104 0.206250 0.497778 0.240278 0.177778
93 0.510764 0.510000 0.268750 0.188889
107 0.391319 0.309444 0.189583 0.263333
92 0.110417 0.272778 0.141667 0.214444
162 0.306597 0.537778 0.202083 0.262222
82 0.499653 0.206667 0.245139 0.157778
16 0.597917 0.098333 0.480556 0.112222
58 0.550347 0.370556 0.184028 0.070000
260 0.289583 0.475000 0.141667 0.270000
9 0.455556 0.614444 0.173611 0.555556
125 0.494097 0.378333 0.211806 0.141111
218 0.171528 0.395000 0.231944 0.163333
263 0.311458 0.215000 0.211806 0.254444
150 0.274653 0.491667 0.142361 0.130000
291 0.323611 0.343333 0.555556 0.211111
244 0.555903 0.287778 0.202083 0.191111
179 0.411806 0.472778 0.141667 0.234444
305 0.301389 0.511667 0.269444 0.205556