304 0.551042 0.525556 0.202083 0.260000
133 0.554514 0.331667 0.239583 0.138889
285 0.220833 0.435556 0.412500 0.160000
227 0.223958 0.339444 0.252083 0.232222
217 0.505556 0.520000 0.144444 0.155556
258 0.496181 0.357778 0.150694 0.184444
186 0.602778 0.378333 0.247222 0.192222
16 0.421528 0.408333 0.502778 0.207778
259 0.186458 0.315000 0.239583 0.194444
234 0.317708 0.520000 0.218750 0.255556
241 0.499653 0.297778 0.161806 0.200000
196 0.381250 0.360000 0.141667 0.191111
274 0.346528 0.411111 0.251389 0.277778
40 0.163889 0.461111 0.243056 0.077778
267 0.285069 0.206111 0.163194 0.210000
115 0.509028 0.431667 0.168056 0.138889
164 0.141319 0.270000 0.189583 0.200000
83 0.217708 0.259444 0.277083 0.201111