225 0.065278 0.238889 0.097222 0.048889
219 0.193056 0.354444 0.097222 0.048889
179 0.556944 0.155556 0.250000 0.200000
102 0.686806 0.304444 0.444444 0.444444
120 0.543403 0.184444 0.209028 0.195556
77 0.338194 0.186667 0.486111 0.266667
312 0.363194 0.390000 0.252778 0.213333
198 0.158333 0.439444 0.193056 0.221111
154 0.302083 0.408889 0.347222 0.388889
62 0.340278 0.225556 0.243056 0.077778
250 0.505556 0.519444 0.205556 0.216667
104 0.531944 0.539444 0.230556 0.216667
80 0.165972 0.546111 0.277778 0.223333
0 0.738889 0.472222 1.000000 0.066667
246 0.616667 0.313889 0.240278 0.172222