271 0.630903 0.518333 0.254861 0.221111
204 0.587847 0.306667 0.246528 0.277778
9 0.431944 0.467778 0.173611 0.555556
121 0.287847 0.243889 0.199306 0.163333
59 0.536111 0.115000 0.261111 0.107778
181 0.204514 0.517222 0.202083 0.207778
188 0.532986 0.508333 0.175694 0.203333
275 0.731250 0.383333 0.541667 0.106667
103 0.442708 0.462778 0.232639 0.232222
182 0.316667 0.173889 0.198611 0.221111
12 0.373264 0.281667 0.331250 0.150000
216 0.419444 0.257778 0.181944 0.155556
301 0.338542 0.476667 0.159028 0.242222
112 0.328125 0.239444 0.220139 0.156667
130 0.437500 0.460000 0.273611 0.273333
19 0.434028 0.102222 0.097222 0.048889
263 0.475000 0.402778 0.218056 0.174444
1 0.980556 0.422222 1.000000 0.066667
228 0.457639 0.391111 0.156944 0.171111
4 0.268056 0.291667 0.415278 0.112222
11 0.610417 0.127222 0.361111 0.132222