204 0.489236 0.503333 0.252083 0.142222
257 0.200000 0.138889 0.251389 0.153333
56 0.141319 0.477778 0.196528 0.066667
66 0.168750 0.374444 0.222222 0.422222
35 0.124306 0.402222 0.097222 0.048889
85 0.532986 0.156111 0.268750 0.130000
189 0.261111 0.508333 0.256944 0.238889
91 0.489583 0.465000 0.243056 0.225556
215 0.514931 0.356111 0.188194 0.254444
191 0.526389 0.500000 0.180556 0.126667
15 0.402778 0.218889 0.097222 0.048889
302 0.429514 0.329444 0.199306 0.147778
221 0.470139 0.403333 0.195833 0.151111
274 0.160069 0.328889 0.210417 0.260000
53 0.360417 0.470556 0.252778 0.107778
94 0.410764 0.271667 0.202083 0.145556
131 0.266667 0.505000 0.159722 0.236667