89 0.373264 0.361667 0.260417 0.130000
308 0.310069 0.470000 0.164583 0.144444
279 0.557986 0.331111 0.432639 0.084444
39 0.207639 0.351111 0.243056 0.077778
292 0.175347 0.450556 0.289583 0.094444
255 0.604861 0.495556 0.252778 0.215556
275 0.544097 0.115556 0.378472 0.117778
228 0.486458 0.154444 0.164583 0.117778
274 0.534028 0.198333 0.233333 0.181111
81 0.170486 0.473333 0.150694 0.115556
2 0.553472 0.387778 1.000000 0.066667
47 0.162153 0.330556 0.247917 0.098889
209 0.348264 0.298889 0.242361 0.264444
102 0.499306 0.346667 0.444444 0.444444
60 0.174653 0.277778 0.265972 0.068889