289 0.412500 0.333333 0.362500 0.197778
5 0.702431 0.203889 0.531250 0.110000
252 0.479861 0.238333 0.150000 0.194444
116 0.520486 0.359444 0.231250 0.156667
169 0.580208 0.193333 0.265972 0.211111
254 0.367014 0.546667 0.192361 0.246667
67 0.577778 0.447778 0.222222 0.422222
183 0.645139 0.359444 0.277778 0.118889
104 0.344097 0.361111 0.149306 0.186667
98 0.317014 0.438333 0.143750 0.121111
74 0.525000 0.356667 0.486111 0.266667
224 0.554861 0.291667 0.220833 0.176667
163 0.159375 0.487222 0.231250 0.256667
58 0.507639 0.144444 0.259722 0.102222
156 0.569444 0.511111 0.347222 0.388889
179 0.589931 0.136667 0.207639 0.217778
140 0.519444 0.311667 0.145833 0.112222
7 0.592361 0.691111 0.173611 0.555556
81 0.249653 0.527222 0.179861 0.194444
36 0.625694 0.248889 0.243056 0.077778
225 0.144444 0.146667 0.097222 0.048889
4 0.670486 0.472778 0.417361 0.107778
28 0.465278 0.076667 0.243056 0.077778