12 0.469097 0.414444 0.284028 0.188889
311 0.133333 0.348333 0.173611 0.190000
256 0.512153 0.176667 0.182639 0.153333
282 0.389931 0.517222 0.422917 0.207778
99 0.402778 0.153889 0.275000 0.210000
8 0.600694 0.414444 0.173611 0.555556
263 0.520486 0.132778 0.236806 0.143333
198 0.274653 0.322222 0.264583 0.277778
201 0.162500 0.198889 0.097222 0.048889
92 0.138194 0.350556 0.236111 0.150000
220 0.442708 0.188889 0.145139 0.180000
58 0.286458 0.272778 0.174306 0.076667
0 0.662500 0.376667 1.000000 0.066667
218 0.607639 0.244444 0.240278 0.113333