264 0.256250 0.374444 0.215278 0.193333
94 0.167708 0.270556 0.271528 0.236667
121 0.420139 0.239444 0.140278 0.216667
81 0.349653 0.453889 0.204861 0.267778
68 0.186806 0.252222 0.222222 0.422222
66 0.263889 0.476667 0.222222 0.422222
243 0.169444 0.192778 0.241667 0.150000
247 0.201389 0.192222 0.218056 0.137778
46 0.590278 0.212222 0.220833 0.086667
16 0.511806 0.256111 0.333333 0.112222
92 0.432639 0.318889 0.168056 0.113333
276 0.709028 0.360000 0.505556 0.117778
112 0.426042 0.163889 0.184028 0.130000
27 0.336806 0.318889 0.097222 0.048889
9 0.195139 0.472222 0.173611 0.555556
282 0.468403 0.518889 0.453472 0.222222
158 0.279861 0.485556 0.347222 0.388889
241 0.325694 0.420000 0.144444 0.222222
257 0.376389 0.202222 0.237500 0.193333
199 0.238889 0.230556 0.169444 0.145556
209 0.395486 0.331667 0.168750 0.201111
58 0.140278 0.336111 0.200000 0.087778