218 0.088889 0.135556 0.145833 0.226667
0 0.749306 0.144444 1.000000 0.066667
306 0.134722 0.232778 0.168056 0.221111
216 0.556597 0.330556 0.263194 0.174444
92 0.095486 0.233333 0.159028 0.182222
312 0.515625 0.204444 0.143750 0.195556
157 0.414583 0.387778 0.347222 0.388889
134 0.603472 0.393889 0.194444 0.176667
280 0.301736 0.202778 0.322917 0.174444
217 0.245486 0.214444 0.214583 0.255556
175 0.516667 0.335556 0.097222 0.048889
82 0.364236 0.500000 0.159028 0.240000
51 0.282292 0.279444 0.221528 0.090000
146 0.202431 0.534444 0.161806 0.204444
103 0.432986 0.426667 0.214583 0.168889
34 0.250694 0.245556 0.097222 0.048889
15 0.440972 0.310000 0.097222 0.048889
230 0.622917 0.274444 0.222222 0.422222
251 0.209722 0.472222 0.154167 0.253333
142 0.626389 0.371667 0.252778 0.258889
84 0.162153 0.297222 0.170139 0.270000