210 0.219792 0.458333 0.164583 0.190000
56 0.304861 0.420000 0.265278 0.102222
154 0.480556 0.217778 0.347222 0.388889
44 0.145833 0.310000 0.243056 0.077778
222 0.493750 0.169444 0.276389 0.221111
213 0.472222 0.151111 0.233333 0.177778
177 0.307986 0.559444 0.160417 0.258889
315 0.570139 0.505556 0.254167 0.275556
125 0.200347 0.418889 0.277083 0.200000
140 0.611458 0.515000 0.209028 0.225556
249 0.131597 0.358889 0.227083 0.115556
100 0.626736 0.402778 0.228472 0.270000
150 0.180208 0.205000 0.268750 0.185556
312 0.100000 0.392222 0.154167 0.144444
14 0.521528 0.113333 0.551389 0.117778
1 0.677778 0.066667 1.000000 0.066667
144 0.336806 0.331111 0.251389 0.220000
111 0.434375 0.471667 0.211806 0.267778
103 0.130208 0.200556 0.157639 0.252222
31 0.287847 0.216667 0.088194 0.051111
114 0.202083 0.304444 0.173611 0.113333
115 0.400000 0.131667 0.144444 0.190000
47 0.382986 0.474444 0.250694 0.097778