235 0.425000 0.536667 0.227778 0.226667
307 0.282292 0.309444 0.179861 0.210000
78 0.353819 0.520556 0.154861 0.196667
61 0.571875 0.363333 0.179861 0.104444
297 0.302431 0.445000 0.513194 0.210000
168 0.577083 0.086111 0.156944 0.127778
4 0.523264 0.202778 0.489583 0.092222
89 0.265278 0.542222 0.201389 0.277778
72 0.438542 0.403889 0.243750 0.194444
251 0.518056 0.434444 0.252778 0.148889
39 0.458333 0.243333 0.243056 0.077778
109 0.563889 0.436111 0.194444 0.163333
183 0.173264 0.383333 0.164583 0.133333
81 0.217708 0.350000 0.272917 0.155556
73 0.527083 0.554444 0.163889 0.275556
116 0.237847 0.213333 0.204861 0.131111
34 0.492361 0.178889 0.097222 0.048889
316 0.238542 0.102778 0.246528 0.154444
170 0.603819 0.310556 0.182639 0.243333
295 0.730556 0.177778 0.468056 0.120000
196 0.450694 0.251111 0.277778 0.251111
106 0.349306 0.410000 0.233333 0.255556
103 0.180903 0.349444 0.203472 0.154444
236 0.387847 0.255556 0.272917 0.233333