144 0.416319 0.494444 0.236806 0.126667
162 0.520139 0.436667 0.183333 0.113333
22 0.262500 0.328889 0.033333 0.053333
59 0.478472 0.380556 0.269444 0.110000
235 0.227778 0.323889 0.197222 0.194444
106 0.254861 0.203889 0.241667 0.221111
177 0.170139 0.462222 0.219444 0.222222
286 0.662153 0.156111 0.317361 0.158889
180 0.280903 0.451111 0.193750 0.155556
241 0.331250 0.180556 0.234722 0.127778
21 0.454167 0.414444 0.097222 0.048889
66 0.368056 0.326667 0.222222 0.422222
152 0.537153 0.164444 0.165972 0.248889
288 0.283681 0.153889 0.534028 0.134444
183 0.162500 0.281111 0.181944 0.126667
1 0.593750 0.210000 1.000000 0.066667
112 0.185764 0.394444 0.168750 0.242222
92 0.394444 0.356111 0.179167 0.214444
57 0.291319 0.226667 0.174306 0.095556
119 0.292708 0.257778 0.202083 0.122222