224 0.230903 0.273889 0.265972 0.192222
277 0.663889 0.254444 0.423611 0.168889
140 0.482639 0.417222 0.172222 0.241111
163 0.406250 0.272222 0.143056 0.242222
66 0.534722 0.516667 0.222222 0.422222
152 0.501736 0.331111 0.204861 0.184444
232 0.450347 0.188889 0.199306 0.142222
245 0.513889 0.447222 0.191667 0.223333
2 0.879861 0.065556 1.000000 0.066667
45 0.462500 0.376111 0.180556 0.070000
215 0.496875 0.375556 0.168750 0.197778
220 0.339931 0.536667 0.178472 0.193333
97 0.415625 0.511111 0.271528 0.182222
92 0.557986 0.275000 0.239583 0.243333
3 0.587500 0.138889 1.000000 0.066667
285 0.670833 0.262222 0.438889 0.202222
113 0.601389 0.532778 0.215278 0.207778
149 0.388889 0.484444 0.252778 0.404444
226 0.533333 0.372222 0.097222 0.048889
153 0.521528 0.391111 0.347222 0.388889
119 0.563194 0.253333 0.150000 0.244444