253 0.500347 0.437222 0.257639 0.225556
129 0.385764 0.182222 0.253472 0.251111
86 0.345833 0.327778 0.225000 0.260000
234 0.485069 0.288889 0.224306 0.195556
75 0.322222 0.433333 0.486111 0.266667
5 0.536458 0.368889 0.497917 0.206667
259 0.568403 0.449444 0.157639 0.254444
4 0.247222 0.106111 0.311111 0.083333
293 0.251389 0.186111 0.462500 0.070000
248 0.273958 0.081667 0.229861 0.118889
230 0.552083 0.638889 0.222222 0.422222
113 0.293056 0.217778 0.151389 0.204444
27 0.209722 0.362222 0.097222 0.048889
23 0.461111 0.240000 0.033333 0.053333
41 0.483333 0.156667 0.243056 0.077778
272 0.610764 0.468889 0.271528 0.140000
107 0.620833 0.119444 0.241667 0.141111