164 0.197569 0.311667 0.235417 0.170000
207 0.440278 0.485556 0.222222 0.422222
152 0.603472 0.416111 0.212500 0.138889
237 0.144444 0.256667 0.148611 0.268889
251 0.260069 0.145556 0.253472 0.235556
3 0.559722 0.357778 1.000000 0.066667
294 0.594792 0.546111 0.446528 0.212222
112 0.433681 0.397222 0.179861 0.207778
169 0.118750 0.478889 0.175000 0.135556
66 0.594444 0.283333 0.222222 0.422222
279 0.572222 0.223333 0.497222 0.213333
168 0.184375 0.496667 0.188194 0.148889
285 0.189583 0.507222 0.306944 0.138889
101 0.475000 0.421111 0.168056 0.253333
189 0.390278 0.325556 0.205556 0.175556
273 0.507986 0.470556 0.165972 0.205556
100 0.288889 0.345556 0.183333 0.140000