239 0.371528 0.470556 0.177778 0.161111
25 0.112500 0.216667 0.097222 0.048889
113 0.157292 0.547222 0.167361 0.210000
264 0.183681 0.269444 0.249306 0.156667
3 0.693056 0.074444 1.000000 0.066667
1 0.795833 0.128889 1.000000 0.066667
231 0.597917 0.448333 0.197222 0.267778
60 0.376736 0.281111 0.220139 0.084444
203 0.484028 0.309444 0.148611 0.170000
201 0.076389 0.096667 0.097222 0.048889
6 0.622917 0.168889 0.383333 0.177778
277 0.457639 0.395556 0.412500 0.148889
312 0.136458 0.307778 0.206250 0.255556
287 0.585764 0.371667 0.311806 0.072222
124 0.177431 0.406667 0.209028 0.237778
281 0.520833 0.376667 0.319444 0.108889