185 0.321875 0.232222 0.156250 0.262222
84 0.245139 0.347222 0.162500 0.194444
160 0.532639 0.352222 0.184722 0.273333
148 0.203819 0.231111 0.253472 0.277778
181 0.353472 0.397778 0.188889 0.142222
127 0.600694 0.352778 0.216667 0.163333
288 0.611458 0.382778 0.404861 0.190000
39 0.270833 0.271111 0.243056 0.077778
268 0.332292 0.442778 0.231250 0.163333
14 0.364583 0.360556 0.473611 0.101111
180 0.340972 0.131111 0.179167 0.191111
228 0.616319 0.206111 0.246528 0.276667
178 0.588194 0.101667 0.245833 0.123333
202 0.628819 0.410000 0.261806 0.271111
120 0.549653 0.412222 0.207639 0.180000
152 0.423611 0.379444 0.215278 0.261111
133 0.402431 0.251667 0.227083 0.236667
179 0.567708 0.288889 0.200694 0.142222
93 0.125694 0.239444 0.184722 0.207778
282 0.355556 0.460556 0.438889 0.141111
218 0.102778 0.504444 0.145833 0.157778
61 0.517361 0.243889 0.250000 0.076667
244 0.395833 0.467222 0.269444 0.252222
283 0.762500 0.396111 0.527778 0.092222
227 0.226389 0.295000 0.187500 0.172222