97 0.584722 0.241667 0.150000 0.183333
98 0.166319 0.417778 0.222917 0.122222
39 0.247917 0.342222 0.243056 0.077778
147 0.332639 0.591111 0.334722 0.535556
256 0.533681 0.091111 0.265972 0.111111
249 0.286806 0.192222 0.247222 0.275556
183 0.144792 0.411667 0.152083 0.141111
200 0.312500 0.266667 0.097222 0.048889
164 0.095486 0.333889 0.146528 0.238889
1 0.700000 0.207778 1.000000 0.066667
251 0.310764 0.177222 0.268750 0.132222
175 0.287500 0.185556 0.097222 0.048889
302 0.176389 0.515556 0.222222 0.204444
86 0.263542 0.290000 0.200694 0.257778