217 0.562500 0.406667 0.179167 0.111111
66 0.301389 0.313333 0.222222 0.422222
37 0.360417 0.094444 0.243056 0.077778
271 0.206597 0.338333 0.275694 0.158889
27 0.281250 0.066667 0.097222 0.048889
8 0.355556 0.607778 0.173611 0.555556
70 0.351042 0.181111 0.200694 0.124444
227 0.354861 0.363889 0.144444 0.118889
109 0.388542 0.192222 0.170139 0.111111
226 0.348611 0.267778 0.097222 0.048889
246 0.536458 0.295556 0.264583 0.217778
48 0.259375 0.090000 0.214583 0.104444
102 0.649306 0.255556 0.444444 0.444444
34 0.459722 0.176667 0.097222 0.048889
207 0.189583 0.645556 0.222222 0.422222
183 0.225347 0.289444 0.154861 0.181111
40 0.466667 0.124444 0.243056 0.077778
189 0.538542 0.528889 0.195139 0.231111
153 0.271528 0.633333 0.347222 0.388889
234 0.593056 0.406111 0.186111 0.210000
202 0.437153 0.515000 0.185417 0.154444
119 0.572569 0.293333 0.252083 0.195556