136 0.261111 0.097222 0.245833 0.121111
85 0.564236 0.393333 0.179861 0.246667
57 0.168056 0.350000 0.258333 0.088889
80 0.471875 0.136111 0.150694 0.172222
289 0.539583 0.173889 0.459722 0.085556
269 0.604861 0.126111 0.183333 0.136667
129 0.378472 0.257778 0.163889 0.137778
137 0.640278 0.525556 0.263889 0.255556
236 0.113889 0.538889 0.158333 0.231111
302 0.268056 0.340556 0.245833 0.250000
123 0.552431 0.495000 0.263194 0.216667
18 0.604861 0.128333 0.494444 0.098889
135 0.476042 0.212222 0.260417 0.240000
218 0.155556 0.272778 0.266667 0.221111
70 0.403472 0.253889 0.150000 0.172222
280 0.376389 0.517778 0.477778 0.171111
189 0.488889 0.320556 0.251389 0.225556
90 0.290972 0.273333 0.444444 0.444444
184 0.566667 0.286667 0.159722 0.137778
60 0.281597 0.197778 0.189583 0.091111
315 0.522917 0.407778 0.240278 0.188889