66 0.468750 0.521111 0.222222 0.422222
259 0.365278 0.376667 0.205556 0.222222
255 0.455903 0.498889 0.228472 0.126667
241 0.272569 0.366667 0.181250 0.240000
261 0.454514 0.237222 0.231250 0.176667
117 0.111111 0.555556 0.172222 0.271111
101 0.453819 0.323333 0.186806 0.144444
52 0.200000 0.161111 0.208333 0.104444
45 0.259375 0.195000 0.177083 0.078889
147 0.538889 0.358889 0.334722 0.535556
70 0.136458 0.492222 0.243750 0.184444
80 0.411458 0.393889 0.221528 0.178889
299 0.365972 0.432222 0.201389 0.115556
192 0.383333 0.266667 0.226389 0.137778
308 0.160417 0.378889 0.237500 0.215556
134 0.218056 0.286667 0.225000 0.251111
50 0.372917 0.351111 0.231944 0.075556
30 0.303819 0.063889 0.100694 0.052222
269 0.571181 0.435556 0.140972 0.153333
26 0.087500 0.370000 0.097222 0.048889
92 0.323958 0.265556 0.190972 0.182222
203 0.172917 0.510000 0.172222 0.228889
72 0.585069 0.165556 0.249306 0.211111
142 0.159722 0.184444 0.244444 0.164444