59 0.482986 0.268889 0.217361 0.106667
231 0.245486 0.434444 0.145139 0.244444
314 0.307986 0.222778 0.227083 0.254444
115 0.253472 0.214444 0.194444 0.197778
288 0.332292 0.377222 0.486806 0.181111
133 0.229514 0.403333 0.167361 0.166667
5 0.529861 0.276111 0.412500 0.158889
73 0.341667 0.151667 0.180556 0.185556
28 0.359722 0.204444 0.243056 0.077778
83 0.325694 0.426111 0.188889 0.241111
287 0.399306 0.225556 0.323611 0.202222
9 0.210417 0.416667 0.173611 0.555556
245 0.521181 0.188333 0.203472 0.190000
233 0.112500 0.221111 0.141667 0.253333
112 0.436111 0.092778 0.211111 0.141111
79 0.464236 0.381111 0.238194 0.182222
316 0.202431 0.354444 0.247917 0.246667
219 0.401389 0.253333 0.097222 0.048889
158 0.365972 0.613333 0.347222 0.388889
100 0.451736 0.486111 0.220139 0.267778
70 0.131944 0.177222 0.234722 0.156667
47 0.473611 0.196111 0.276389 0.081111