282 0.235069 0.181667 0.365972 0.090000
137 0.576042 0.367778 0.222917 0.135556
33 0.354861 0.153333 0.097222 0.048889
68 0.532639 0.281111 0.222222 0.422222
24 0.274306 0.416667 0.097222 0.048889
211 0.365625 0.351667 0.193750 0.225556
124 0.603819 0.368889 0.222917 0.128889
84 0.432986 0.141111 0.256250 0.146667
67 0.384722 0.303333 0.222222 0.422222
60 0.401042 0.197778 0.207639 0.086667
299 0.300694 0.512222 0.165278 0.246667
287 0.689583 0.086111 0.479167 0.076667
149 0.545139 0.512222 0.252778 0.404444
32 0.244097 0.189444 0.122917 0.045556
278 0.625347 0.323333 0.470139 0.162222
170 0.468056 0.213333 0.225000 0.153333
140 0.270486 0.520000 0.254861 0.177778
256 0.421181 0.122778 0.264583 0.170000
38 0.142361 0.224444 0.243056 0.077778
56 0.205903 0.457222 0.215972 0.083333
316 0.264583 0.208889 0.219444 0.146667
247 0.330208 0.289444 0.186806 0.258889
39 0.162500 0.231111 0.243056 0.077778
40 0.621528 0.384444 0.243056 0.077778
128 0.457986 0.301111 0.181250 0.115556