166 0.396875 0.420000 0.210417 0.275556
139 0.203125 0.223333 0.270139 0.204444
238 0.218750 0.168333 0.144444 0.274444
53 0.264931 0.367778 0.196528 0.084444
264 0.254861 0.351111 0.226389 0.206667
126 0.204861 0.489444 0.220833 0.172222
125 0.439583 0.148333 0.268056 0.181111
97 0.451736 0.403333 0.215972 0.215556
225 0.434028 0.303333 0.097222 0.048889
142 0.269792 0.319444 0.204861 0.225556
69 0.542361 0.375556 0.222222 0.422222
219 0.143750 0.383333 0.097222 0.048889
189 0.412153 0.278889 0.186806 0.217778
209 0.390625 0.178889 0.222917 0.215556
118 0.137500 0.233333 0.177778 0.148889
25 0.226389 0.395556 0.097222 0.048889
131 0.319444 0.172778 0.198611 0.234444
62 0.136806 0.308889 0.243056 0.077778