67 0.231250 0.300000 0.222222 0.422222
236 0.344444 0.079444 0.266667 0.112222
156 0.217361 0.336667 0.347222 0.388889
1 0.763194 0.268889 1.000000 0.066667
308 0.102778 0.457778 0.161111 0.117778
166 0.577431 0.243889 0.142361 0.172222
28 0.443750 0.154444 0.243056 0.077778
273 0.184028 0.383333 0.200000 0.166667
162 0.399306 0.422222 0.152778 0.168889
281 0.391319 0.194444 0.472917 0.220000
19 0.537500 0.137778 0.097222 0.048889
197 0.204861 0.250556 0.230556 0.192222
299 0.615278 0.208889 0.233333 0.175556
310 0.451736 0.432778 0.157639 0.194444
163 0.305903 0.184444 0.149306 0.142222
49 0.545833 0.269444 0.240278 0.105556
144 0.404514 0.183889 0.225694 0.114444
20 0.338889 0.384444 0.097222 0.048889
266 0.449653 0.308333 0.157639 0.192222
111 0.241319 0.371667 0.214583 0.214444
30 0.487847 0.061111 0.096528 0.042222