238 0.614583 0.159444 0.263889 0.112222
132 0.542361 0.183889 0.237500 0.132222
148 0.411806 0.335556 0.204167 0.164444
124 0.536111 0.312778 0.138889 0.132222
59 0.245139 0.470556 0.255556 0.083333
157 0.598611 0.298889 0.347222 0.388889
250 0.307639 0.337778 0.209722 0.184444
53 0.285764 0.232222 0.224306 0.104444
7 0.211111 0.581111 0.173611 0.555556
274 0.346181 0.243889 0.179861 0.250000
262 0.621181 0.407222 0.238194 0.150000
206 0.356250 0.301111 0.243056 0.077778
169 0.611806 0.453333 0.238889 0.171111
160 0.249306 0.307222 0.141667 0.138889
42 0.500694 0.128889 0.243056 0.077778