101 0.365278 0.312222 0.198611 0.191111
4 0.582986 0.323889 0.371528 0.118889
14 0.685069 0.359444 0.349306 0.078889
269 0.442361 0.259444 0.226389 0.221111
94 0.432292 0.237222 0.165972 0.198889
47 0.290278 0.205000 0.194444 0.083333
96 0.359375 0.137222 0.150694 0.210000
45 0.480556 0.466667 0.195833 0.086667
82 0.396875 0.406111 0.267361 0.238889
39 0.405556 0.455556 0.243056 0.077778
255 0.481944 0.207222 0.250000 0.156667
236 0.509722 0.331111 0.244444 0.268889
174 0.347917 0.392222 0.097222 0.048889
240 0.455556 0.456111 0.237500 0.156667
283 0.772569 0.478333 0.527083 0.163333
247 0.356597 0.547778 0.196528 0.208889
277 0.576042 0.228333 0.517361 0.121111
145 0.207292 0.462778 0.256250 0.147778
132 0.169444 0.251667 0.204167 0.230000
26 0.290278 0.280000 0.097222 0.048889
176 0.262153 0.329444 0.242361 0.138889
91 0.502083 0.355000 0.225000 0.138889
104 0.421181 0.390556 0.195139 0.165556
204 0.166667 0.451111 0.238889 0.148889
92 0.578472 0.483889 0.269444 0.254444