245 0.200000 0.397222 0.244444 0.147778
189 0.611111 0.289444 0.244444 0.232222
132 0.409028 0.493333 0.259722 0.191111
112 0.263542 0.441111 0.274306 0.171111
12 0.689583 0.280556 0.550000 0.210000
173 0.245833 0.172222 0.097222 0.048889
149 0.602778 0.286667 0.252778 0.404444
21 0.444444 0.197778 0.097222 0.048889
232 0.351736 0.395000 0.238194 0.167778
213 0.548958 0.422222 0.185417 0.180000
68 0.204861 0.367778 0.222222 0.422222
212 0.172917 0.498889 0.276389 0.222222
108 0.246528 0.111111 0.169444 0.133333
30 0.150347 0.087222 0.088194 0.050000
208 0.225694 0.407778 0.183333 0.242222
86 0.549653 0.224444 0.177083 0.257778
311 0.344097 0.435000 0.260417 0.212222
119 0.211458 0.252778 0.243750 0.214444