1 0.550694 0.214444 1.000000 0.066667
21 0.536806 0.445556 0.097222 0.048889
257 0.299653 0.165556 0.202083 0.235556
147 0.297917 0.696667 0.334722 0.535556
164 0.291667 0.298889 0.245833 0.235556
108 0.488194 0.160000 0.172222 0.202222
143 0.470139 0.459444 0.216667 0.256667
305 0.179167 0.254444 0.252778 0.133333
260 0.143403 0.455556 0.239583 0.128889
196 0.457986 0.116667 0.215972 0.171111
104 0.542361 0.255000 0.211111 0.230000
154 0.300000 0.620000 0.347222 0.388889
182 0.360069 0.510000 0.177083 0.226667
253 0.311806 0.390556 0.216667 0.138889
68 0.554167 0.323333 0.222222 0.422222
30 0.452431 0.156111 0.118750 0.050000
124 0.313542 0.460556 0.268750 0.276667
229 0.327778 0.120556 0.245833 0.154444
60 0.243750 0.248333 0.202778 0.078889