59 0.225694 0.477222 0.179167 0.107778
97 0.550694 0.403889 0.197222 0.127778
71 0.192361 0.265000 0.275000 0.245556
124 0.275347 0.438333 0.245139 0.152222
88 0.336458 0.316667 0.277083 0.135556
217 0.237847 0.401667 0.263194 0.194444
140 0.181944 0.195556 0.177778 0.271111
92 0.375000 0.363889 0.212500 0.205556
241 0.498958 0.285556 0.197917 0.231111
51 0.169444 0.227222 0.240278 0.110000
251 0.375347 0.125000 0.199306 0.196667
274 0.349306 0.541111 0.222222 0.246667
126 0.136111 0.386111 0.154167 0.118889
16 0.618403 0.492778 0.488194 0.123333
309 0.454861 0.404444 0.170833 0.148889
202 0.124306 0.475000 0.170833 0.167778
82 0.424653 0.488889 0.222917 0.166667