38 0.271528 0.070000 0.243056 0.077778
192 0.538889 0.402222 0.162500 0.173333
186 0.188542 0.286667 0.277083 0.142222
241 0.389236 0.356111 0.197917 0.270000
7 0.248611 0.437778 0.173611 0.555556
4 0.377778 0.112778 0.352778 0.127778
14 0.407292 0.246111 0.465972 0.154444
206 0.490278 0.258889 0.243056 0.077778
76 0.717361 0.460000 0.486111 0.266667
133 0.540972 0.476667 0.198611 0.257778
5 0.310417 0.550000 0.337500 0.213333
237 0.250000 0.332222 0.272222 0.137778
265 0.369097 0.436667 0.259028 0.197778
293 0.523611 0.160000 0.505556 0.091111
44 0.331250 0.325556 0.243056 0.077778
267 0.643403 0.526111 0.275694 0.276667
269 0.109028 0.179444 0.188889 0.201111
29 0.551042 0.265000 0.099306 0.052222
115 0.379861 0.390556 0.186111 0.230000
263 0.126736 0.376667 0.165972 0.226667
260 0.472569 0.445000 0.185417 0.181111
113 0.171528 0.270000 0.218056 0.180000
182 0.136458 0.255556 0.163194 0.173333
72 0.534028 0.200000 0.248611 0.117778