108 0.219792 0.282778 0.170139 0.250000
120 0.401736 0.185556 0.172917 0.204444
38 0.282639 0.352222 0.243056 0.077778
178 0.575347 0.245000 0.193750 0.270000
250 0.438889 0.220556 0.148611 0.112222
117 0.559028 0.251667 0.230556 0.183333
128 0.600694 0.411667 0.225000 0.152222
190 0.554167 0.480000 0.211111 0.202222
242 0.461458 0.147778 0.150694 0.244444
281 0.277083 0.269444 0.334722 0.078889
199 0.170833 0.393333 0.227778 0.173333
214 0.567361 0.453333 0.184722 0.208889
83 0.561806 0.308889 0.147222 0.264444
247 0.547569 0.393889 0.203472 0.263333
95 0.565625 0.140000 0.203472 0.180000
174 0.333333 0.374444 0.097222 0.048889
210 0.385069 0.428889 0.165972 0.151111
310 0.209375 0.211667 0.152083 0.221111
72 0.427083 0.183889 0.202778 0.161111
299 0.524653 0.158333 0.186806 0.236667
296 0.186806 0.152778 0.344444 0.183333
161 0.463194 0.190556 0.212500 0.221111
149 0.390972 0.246667 0.252778 0.404444
297 0.478125 0.368333 0.509028 0.214444