278 0.511111 0.324444 0.495833 0.091111
243 0.562500 0.477778 0.184722 0.202222
272 0.228472 0.325000 0.208333 0.250000
64 0.161111 0.297778 0.222222 0.422222
195 0.352083 0.476667 0.254167 0.175556
133 0.520833 0.242222 0.151389 0.197778
288 0.636458 0.217222 0.427083 0.187778
0 0.539583 0.075556 1.000000 0.066667
7 0.350000 0.338889 0.173611 0.555556
287 0.199653 0.156667 0.288194 0.202222
138 0.206597 0.496111 0.159028 0.116667
94 0.182292 0.406111 0.209028 0.167778
177 0.504861 0.339444 0.259722 0.132222
308 0.362500 0.275000 0.265278 0.214444