237 0.188542 0.112778 0.270139 0.174444
187 0.336458 0.243889 0.239583 0.247778
172 0.442361 0.191667 0.230556 0.156667
197 0.352778 0.532778 0.148611 0.263333
136 0.252431 0.265000 0.229861 0.121111
65 0.325000 0.648889 0.222222 0.422222
214 0.299653 0.191111 0.250694 0.231111
15 0.178472 0.453333 0.097222 0.048889
206 0.614583 0.363333 0.243056 0.077778
90 0.268056 0.244444 0.444444 0.444444
70 0.377431 0.163889 0.268750 0.198889
213 0.447569 0.324444 0.156250 0.197778
290 0.533681 0.203333 0.382639 0.173333