146 0.579514 0.333889 0.261806 0.247778
186 0.214236 0.486111 0.252083 0.194444
217 0.163889 0.358889 0.230556 0.151111
219 0.123611 0.380000 0.097222 0.048889
155 0.443750 0.628889 0.347222 0.388889
10 0.325694 0.348333 0.344444 0.105556
82 0.424306 0.431111 0.148611 0.224444
70 0.416667 0.156111 0.252778 0.170000
192 0.313889 0.329444 0.176389 0.170000
126 0.383333 0.215556 0.179167 0.133333
197 0.503472 0.212222 0.194444 0.213333
161 0.151736 0.460000 0.184028 0.204444
210 0.327083 0.215000 0.247222 0.132222
284 0.411458 0.502778 0.509028 0.196667
242 0.481250 0.330000 0.138889 0.115556
209 0.565625 0.254444 0.224306 0.120000
150 0.560417 0.177222 0.202778 0.196667
30 0.451042 0.121111 0.071528 0.046667
77 0.479861 0.180000 0.486111 0.266667
19 0.137500 0.270000 0.097222 0.048889
259 0.453125 0.165556 0.265972 0.206667