281 0.595833 0.470556 0.279167 0.194444
142 0.351389 0.465000 0.140278 0.276667
91 0.592361 0.133333 0.159722 0.142222
124 0.415625 0.331111 0.259028 0.204444
53 0.237500 0.442222 0.230556 0.071111
110 0.336458 0.408333 0.217361 0.121111
260 0.271528 0.257222 0.238889 0.210000
231 0.337500 0.278333 0.188889 0.205556
76 0.502778 0.453333 0.486111 0.266667
88 0.531597 0.423333 0.196528 0.231111
149 0.300000 0.530000 0.252778 0.404444
64 0.535417 0.324444 0.222222 0.422222
245 0.288194 0.365556 0.277778 0.255556
238 0.562500 0.285000 0.145833 0.192222
122 0.402778 0.377778 0.148611 0.273333
290 0.392708 0.331111 0.329861 0.077778
9 0.410417 0.686667 0.173611 0.555556
209 0.373611 0.438889 0.195833 0.117778
119 0.318403 0.410000 0.215972 0.120000