95 0.489236 0.472778 0.239583 0.183333
27 0.122917 0.404444 0.097222 0.048889
281 0.471181 0.181111 0.364583 0.151111
101 0.442361 0.462778 0.223611 0.130000
26 0.375694 0.101111 0.097222 0.048889
44 0.317361 0.241111 0.243056 0.077778
268 0.429167 0.181111 0.254167 0.235556
249 0.345486 0.245556 0.145139 0.248889
49 0.570486 0.111111 0.186806 0.073333
57 0.466319 0.206111 0.175694 0.083333
195 0.448958 0.421111 0.150694 0.184444
160 0.609028 0.340556 0.245833 0.156667
14 0.243750 0.422778 0.441667 0.221111
87 0.606944 0.287222 0.223611 0.274444
119 0.196528 0.519444 0.180556 0.194444