176 0.314583 0.316111 0.184722 0.267778
288 0.609028 0.113889 0.334722 0.092222
264 0.488889 0.157778 0.181944 0.168889
204 0.466319 0.188333 0.181250 0.161111
252 0.414931 0.318889 0.242361 0.137778
236 0.333681 0.108333 0.254861 0.154444
57 0.277778 0.167778 0.277778 0.100000
51 0.472917 0.082222 0.233333 0.102222
68 0.262500 0.613333 0.222222 0.422222
312 0.495139 0.456667 0.205556 0.117778
88 0.184722 0.338333 0.268056 0.118889
282 0.714236 0.359444 0.538194 0.085556
314 0.598611 0.225556 0.208333 0.117778
118 0.343750 0.286111 0.245833 0.218889
167 0.289236 0.171667 0.140972 0.207778
0 0.533333 0.171111 1.000000 0.066667
137 0.574653 0.495000 0.145139 0.143333