43 0.220833 0.307778 0.243056 0.077778
258 0.565625 0.488889 0.271528 0.240000
184 0.214931 0.433333 0.218750 0.273333
20 0.412500 0.451111 0.097222 0.048889
59 0.186806 0.401667 0.238889 0.074444
201 0.159722 0.357778 0.097222 0.048889
165 0.286458 0.489444 0.224306 0.118889
288 0.437153 0.385556 0.485417 0.168889
152 0.612847 0.392222 0.206250 0.220000
72 0.405208 0.117222 0.172917 0.174444
269 0.430208 0.332778 0.143750 0.161111
118 0.262500 0.393889 0.238889 0.145556
196 0.470833 0.184444 0.181944 0.171111
61 0.310764 0.113333 0.265972 0.088889
8 0.413889 0.478889 0.173611 0.555556
186 0.169444 0.281667 0.186111 0.227778
308 0.285069 0.348889 0.249306 0.153333
18 0.339931 0.439444 0.350694 0.103333
15 0.452083 0.077778 0.097222 0.048889