91 0.144792 0.301667 0.221528 0.241111
315 0.309028 0.293333 0.144444 0.171111
280 0.280208 0.223333 0.531250 0.173333
112 0.169097 0.295556 0.206250 0.148889
133 0.528125 0.512778 0.235417 0.165556
61 0.534722 0.356667 0.187500 0.108889
207 0.428472 0.371111 0.222222 0.422222
5 0.461806 0.367778 0.369444 0.084444
223 0.517361 0.317778 0.241667 0.157778
287 0.430903 0.169444 0.392361 0.132222
42 0.240278 0.338889 0.243056 0.077778
208 0.406597 0.528889 0.207639 0.237778
232 0.520486 0.364444 0.175694 0.200000
63 0.213194 0.494444 0.222222 0.422222
233 0.121528 0.447222 0.184722 0.121111
93 0.274653 0.451667 0.188194 0.236667