56 0.594444 0.275000 0.201389 0.092222
212 0.512500 0.448333 0.184722 0.256667
314 0.464236 0.272778 0.228472 0.256667
139 0.170486 0.421667 0.222917 0.141111
84 0.538194 0.206667 0.250000 0.204444
265 0.159722 0.238889 0.154167 0.182222
231 0.297569 0.290556 0.268750 0.270000
31 0.521181 0.330000 0.089583 0.048889
202 0.320486 0.485000 0.145139 0.201111
197 0.509722 0.156667 0.262500 0.171111
49 0.636458 0.327222 0.252083 0.067778
235 0.101042 0.275556 0.146528 0.151111
12 0.748958 0.504444 0.477083 0.222222
274 0.593750 0.247778 0.256944 0.208889
275 0.678819 0.470000 0.334028 0.195556
287 0.413194 0.160556 0.518056 0.145556