99 0.525694 0.140000 0.158333 0.153333
209 0.589931 0.202778 0.211806 0.270000
309 0.369792 0.327778 0.253472 0.233333
85 0.421875 0.266667 0.236806 0.275556
103 0.204167 0.197222 0.191667 0.245556
201 0.392361 0.293333 0.097222 0.048889
36 0.502083 0.237778 0.243056 0.077778
25 0.554167 0.282222 0.097222 0.048889
133 0.249653 0.145556 0.260417 0.180000
308 0.206250 0.503889 0.150000 0.205556
101 0.440625 0.502222 0.167361 0.211111
18 0.504167 0.203333 0.283333 0.193333
98 0.361111 0.231667 0.191667 0.147778
68 0.272917 0.540000 0.222222 0.422222
31 0.125000 0.213333 0.104167 0.046667