275 0.314583 0.308889 0.350000 0.164444
114 0.282292 0.295556 0.164583 0.140000
179 0.306250 0.341667 0.230556 0.134444
102 0.525694 0.278889 0.444444 0.444444
1 0.829167 0.112222 1.000000 0.066667
139 0.284375 0.485000 0.163194 0.201111
244 0.293056 0.296111 0.176389 0.258889
100 0.301042 0.326667 0.225694 0.111111
12 0.347222 0.463333 0.484722 0.068889
200 0.227083 0.232222 0.097222 0.048889
8 0.438889 0.503333 0.173611 0.555556
225 0.422917 0.327778 0.097222 0.048889
41 0.146528 0.170000 0.243056 0.077778
146 0.284375 0.292222 0.168750 0.180000
259 0.253819 0.425000 0.193750 0.178889
163 0.299306 0.311667 0.161111 0.130000