169 0.618403 0.303333 0.215972 0.237778
104 0.512500 0.395556 0.218056 0.113333
148 0.507986 0.175000 0.271528 0.261111
273 0.359722 0.220000 0.256944 0.273333
66 0.291667 0.474444 0.222222 0.422222
6 0.343056 0.203333 0.472222 0.191111
244 0.340625 0.162222 0.265972 0.251111
221 0.494444 0.540556 0.145833 0.198889
103 0.366319 0.443333 0.263194 0.182222
280 0.623611 0.350000 0.284722 0.117778
286 0.685417 0.138889 0.413889 0.200000
57 0.190278 0.249444 0.236111 0.098889
256 0.240278 0.448889 0.138889 0.273333
239 0.242708 0.287778 0.257639 0.160000
107 0.408333 0.530556 0.151389 0.247778