126 0.454514 0.145556 0.142361 0.146667
167 0.594792 0.252222 0.253472 0.113333
243 0.482639 0.347778 0.148611 0.237778
29 0.086806 0.440000 0.070833 0.051111
177 0.229514 0.201667 0.188194 0.172222
74 0.463194 0.477778 0.486111 0.266667
187 0.452431 0.275000 0.184028 0.254444
93 0.471181 0.492778 0.179861 0.125556
253 0.466667 0.182778 0.155556 0.227778
246 0.492014 0.468889 0.229861 0.251111
279 0.290278 0.492778 0.298611 0.158889
194 0.453472 0.294444 0.240278 0.173333
109 0.410417 0.348333 0.194444 0.167778
265 0.169444 0.403889 0.238889 0.221111
284 0.328819 0.255556 0.546528 0.122222