292 0.402083 0.442222 0.504167 0.211111
248 0.404861 0.254444 0.220833 0.248889
29 0.158681 0.063889 0.095139 0.045556
258 0.314236 0.500556 0.203472 0.214444
137 0.387847 0.422778 0.185417 0.185556
155 0.368750 0.420000 0.347222 0.388889
6 0.516319 0.263889 0.310417 0.187778
281 0.229167 0.185556 0.279167 0.175556
65 0.590972 0.510000 0.222222 0.422222
7 0.363194 0.504444 0.173611 0.555556
79 0.555556 0.263333 0.183333 0.151111
259 0.172222 0.326111 0.152778 0.167778
44 0.154861 0.154444 0.243056 0.077778
129 0.145139 0.247778 0.165278 0.113333