171 0.299653 0.306667 0.256250 0.264444
257 0.388542 0.508889 0.267361 0.235556
29 0.470486 0.147222 0.090972 0.041111
268 0.602083 0.220556 0.248611 0.261111
23 0.245833 0.310000 0.033333 0.053333
303 0.438194 0.495000 0.212500 0.125556
195 0.634375 0.396667 0.260417 0.162222
293 0.229167 0.535556 0.311111 0.195556
19 0.376389 0.314444 0.097222 0.048889
277 0.208333 0.370556 0.369444 0.085556
63 0.342361 0.433333 0.222222 0.422222
172 0.476736 0.361667 0.164583 0.161111
192 0.558333 0.406667 0.236111 0.255556
220 0.263194 0.157222 0.258333 0.227778
26 0.109722 0.198889 0.097222 0.048889
157 0.204167 0.444444 0.347222 0.388889
251 0.377083 0.288333 0.154167 0.172222
27 0.173611 0.302222 0.097222 0.048889
2 0.781250 0.210000 1.000000 0.066667
198 0.328125 0.514444 0.214583 0.200000
275 0.389236 0.510000 0.424306 0.140000
41 0.516667 0.127778 0.243056 0.077778
185 0.343403 0.458333 0.257639 0.134444