251 0.347569 0.251667 0.271528 0.225556
73 0.105556 0.419444 0.170833 0.198889
165 0.366667 0.374444 0.172222 0.113333
198 0.568750 0.518889 0.165278 0.228889
132 0.355903 0.245000 0.275694 0.118889
249 0.614931 0.298333 0.252083 0.250000
41 0.555556 0.142222 0.243056 0.077778
24 0.407639 0.423333 0.097222 0.048889
131 0.460069 0.185000 0.242361 0.276667
75 0.745139 0.364444 0.486111 0.266667
167 0.285417 0.469444 0.223611 0.258889
9 0.140972 0.512222 0.173611 0.555556
300 0.362500 0.393333 0.486111 0.266667
309 0.503472 0.267222 0.270833 0.258889
125 0.457639 0.398333 0.148611 0.252222