240 0.423958 0.398333 0.220139 0.150000
189 0.479861 0.152222 0.240278 0.175556
14 0.455903 0.220000 0.393750 0.195556
27 0.225000 0.282222 0.097222 0.048889
149 0.369444 0.557778 0.252778 0.404444
102 0.248611 0.433333 0.444444 0.444444
82 0.096181 0.167778 0.150694 0.231111
60 0.171181 0.167222 0.196528 0.076667
159 0.493403 0.157222 0.261806 0.258889
213 0.205903 0.208333 0.210417 0.247778
224 0.249653 0.245000 0.163194 0.250000
113 0.337500 0.192222 0.254167 0.182222
241 0.578472 0.415556 0.138889 0.244444