2 0.804167 0.356667 1.000000 0.066667
146 0.292361 0.290556 0.275000 0.172222
304 0.343750 0.421111 0.187500 0.233333
249 0.158681 0.402222 0.236806 0.140000
316 0.171875 0.137222 0.224306 0.116667
23 0.339583 0.432222 0.033333 0.053333
30 0.096875 0.267222 0.106250 0.047778
75 0.484722 0.477778 0.486111 0.266667
270 0.171181 0.273333 0.221528 0.115556
176 0.576042 0.308889 0.209028 0.182222
123 0.238194 0.272222 0.238889 0.164444
239 0.587847 0.334444 0.190972 0.211111
268 0.233681 0.415000 0.206250 0.185556
163 0.248611 0.425000 0.180556 0.190000
295 0.664583 0.339444 0.408333 0.118889
4 0.209722 0.143333 0.368056 0.128889
227 0.504514 0.505556 0.271528 0.217778
88 0.486111 0.427222 0.250000 0.172222
62 0.522222 0.291111 0.243056 0.077778
41 0.625000 0.192222 0.243056 0.077778
230 0.258333 0.431111 0.222222 0.422222
294 0.729861 0.386667 0.484722 0.135556
235 0.544097 0.153333 0.163194 0.220000
257 0.620833 0.195556 0.266667 0.264444
188 0.306250 0.338333 0.145833 0.258889