144 0.312500 0.485556 0.202778 0.262222
236 0.231944 0.398333 0.177778 0.114444
288 0.664236 0.292222 0.452083 0.131111
9 0.176389 0.411111 0.173611 0.555556
213 0.197222 0.283333 0.273611 0.162222
147 0.185417 0.593333 0.334722 0.535556
139 0.380208 0.301667 0.200694 0.274444
142 0.529167 0.426111 0.158333 0.174444
135 0.348611 0.236667 0.140278 0.231111
180 0.445139 0.452222 0.173611 0.142222
217 0.327431 0.118889 0.159028 0.135556
77 0.483333 0.566667 0.486111 0.266667
204 0.362153 0.397778 0.271528 0.213333
241 0.589236 0.298889 0.200694 0.184444
181 0.223264 0.237778 0.146528 0.248889
186 0.493750 0.438333 0.159722 0.132222
71 0.377778 0.133889 0.169444 0.223333
48 0.256597 0.091667 0.186806 0.110000
32 0.065278 0.196111 0.084722 0.052222