208 0.231597 0.261667 0.256250 0.212222
241 0.296875 0.403333 0.221528 0.157778
4 0.485417 0.221667 0.337500 0.218889
194 0.207986 0.179444 0.274306 0.256667
219 0.325694 0.308889 0.097222 0.048889
275 0.573958 0.109444 0.421528 0.132222
109 0.239236 0.483889 0.270139 0.185556
38 0.227083 0.398889 0.243056 0.077778
196 0.143056 0.536667 0.200000 0.208889
279 0.545486 0.285556 0.322917 0.220000
201 0.150000 0.444444 0.097222 0.048889
292 0.424306 0.360000 0.459722 0.140000
60 0.204861 0.464444 0.258333 0.106667
146 0.567361 0.359444 0.200000 0.258889
133 0.456250 0.107778 0.190278 0.131111
226 0.284722 0.345556 0.097222 0.048889
82 0.203819 0.340556 0.154861 0.116667