128 0.520139 0.518889 0.176389 0.262222
31 0.530903 0.401667 0.113194 0.050000
259 0.153819 0.341667 0.175694 0.158889
131 0.405903 0.181667 0.207639 0.223333
32 0.451389 0.148333 0.090278 0.050000
297 0.266667 0.426111 0.375000 0.067778
154 0.488889 0.255556 0.347222 0.388889
87 0.487847 0.403333 0.232639 0.113333
48 0.244792 0.078333 0.225694 0.072222
109 0.602083 0.149444 0.183333 0.141111
63 0.619444 0.378889 0.222222 0.422222
49 0.361806 0.350000 0.197222 0.073333
44 0.611806 0.213333 0.243056 0.077778
228 0.438542 0.522778 0.206250 0.252222
175 0.315278 0.102222 0.097222 0.048889
211 0.543750 0.329444 0.236111 0.194444
167 0.407986 0.126111 0.170139 0.163333
127 0.344097 0.295556 0.145139 0.215556