82 0.392361 0.207778 0.180556 0.228889
288 0.618750 0.462778 0.509722 0.172222
66 0.336806 0.603333 0.222222 0.422222
250 0.171181 0.296667 0.272917 0.153333
234 0.190972 0.397778 0.187500 0.235556
149 0.318750 0.234444 0.252778 0.404444
129 0.188889 0.264444 0.150000 0.117778
230 0.608333 0.621111 0.222222 0.422222
255 0.445833 0.404444 0.181944 0.231111
299 0.460069 0.437778 0.184028 0.128889
128 0.494444 0.509444 0.190278 0.238889
170 0.157986 0.115000 0.178472 0.134444
132 0.145139 0.343333 0.173611 0.153333
107 0.234375 0.218333 0.231250 0.238889