170 0.239931 0.192778 0.164583 0.192222
33 0.424306 0.234444 0.097222 0.048889
65 0.199306 0.368889 0.222222 0.422222
135 0.294444 0.381667 0.255556 0.152222
13 0.359375 0.272222 0.385417 0.166667
297 0.277778 0.208889 0.515278 0.117778
253 0.136458 0.189444 0.199306 0.227778
64 0.365972 0.267778 0.222222 0.422222
316 0.495833 0.329444 0.177778 0.196667
179 0.408333 0.328889 0.143056 0.240000
81 0.164236 0.375000 0.177083 0.154444
294 0.462847 0.431111 0.521528 0.137778
272 0.485069 0.537222 0.172917 0.185556
277 0.563542 0.117778 0.479861 0.160000
77 0.605556 0.317778 0.486111 0.266667
309 0.375694 0.401111 0.152778 0.204444
154 0.613194 0.494444 0.347222 0.388889
93 0.160417 0.199444 0.269444 0.232222