192 0.168056 0.334444 0.177778 0.271111
291 0.550000 0.233889 0.479167 0.196667
129 0.624653 0.438333 0.235417 0.112222
88 0.325000 0.266667 0.169444 0.191111
180 0.502431 0.268333 0.265972 0.134444
114 0.235069 0.500556 0.217361 0.263333
240 0.168403 0.153333 0.153472 0.244444
251 0.307986 0.228333 0.214583 0.127778
45 0.519097 0.382778 0.190972 0.107778
156 0.561111 0.450000 0.347222 0.388889
235 0.190625 0.235000 0.245139 0.198889
90 0.455556 0.475556 0.444444 0.444444
15 0.283333 0.393333 0.097222 0.048889
311 0.161806 0.371667 0.220833 0.198889
189 0.384375 0.420556 0.254861 0.225556
157 0.235417 0.593333 0.347222 0.388889
72 0.535417 0.460556 0.190278 0.138889
25 0.460417 0.311111 0.097222 0.048889
30 0.256944 0.053333 0.105556 0.044444
66 0.558333 0.252222 0.222222 0.422222
120 0.405903 0.321111 0.139583 0.155556
139 0.432986 0.173333 0.152083 0.188889
107 0.555903 0.219444 0.277083 0.147778