285 0.465278 0.432778 0.281944 0.087778
233 0.559722 0.165000 0.187500 0.223333
118 0.507639 0.375556 0.248611 0.204444
267 0.192708 0.317778 0.200694 0.124444
123 0.188194 0.128889 0.198611 0.122222
225 0.254167 0.076667 0.097222 0.048889
247 0.438194 0.376111 0.169444 0.223333
222 0.245833 0.450556 0.206944 0.232222
163 0.291667 0.493889 0.268056 0.114444
22 0.487500 0.347778 0.033333 0.053333
243 0.330556 0.200000 0.172222 0.153333
81 0.410764 0.518333 0.221528 0.183333
56 0.359722 0.458889 0.230556 0.097778
41 0.582639 0.200000 0.243056 0.077778
211 0.166319 0.537222 0.227083 0.207778
141 0.350347 0.321111 0.154861 0.222222
195 0.295486 0.235000 0.181250 0.245556
31 0.538889 0.362222 0.087500 0.051111
299 0.382986 0.180000 0.142361 0.213333
216 0.293056 0.451667 0.230556 0.216667