298 0.693403 0.373889 0.431250 0.207778
280 0.396528 0.483889 0.472222 0.201111
163 0.394444 0.483333 0.254167 0.220000
84 0.487847 0.166111 0.142361 0.194444
11 0.413889 0.235556 0.350000 0.193333
79 0.260764 0.172222 0.197917 0.135556
291 0.494097 0.393889 0.511806 0.130000
109 0.272569 0.244444 0.204861 0.142222
15 0.145139 0.243333 0.097222 0.048889
204 0.284028 0.391111 0.250000 0.231111
303 0.444444 0.153333 0.259722 0.120000
225 0.472917 0.414444 0.097222 0.048889
143 0.476042 0.461111 0.150694 0.240000
18 0.522917 0.158889 0.380556 0.100000
217 0.213889 0.086111 0.269444 0.118889
169 0.316319 0.266667 0.224306 0.117778
195 0.444097 0.510000 0.264583 0.184444
314 0.490278 0.183889 0.272222 0.190000
285 0.633681 0.108889 0.296528 0.144444
202 0.402083 0.340556 0.188889 0.165556
171 0.358333 0.385000 0.236111 0.125556
119 0.276389 0.459444 0.159722 0.185556