93 0.538889 0.494444 0.163889 0.262222
92 0.485069 0.449444 0.143750 0.147778
222 0.420486 0.216667 0.178472 0.200000
40 0.604167 0.424444 0.243056 0.077778
302 0.141319 0.430556 0.145139 0.132222
4 0.668750 0.237222 0.518056 0.192222
266 0.545139 0.286667 0.152778 0.251111
277 0.448958 0.491111 0.289583 0.144444
270 0.477431 0.386667 0.245139 0.148889
76 0.722917 0.450000 0.486111 0.266667
120 0.292361 0.460556 0.254167 0.205556
174 0.398611 0.431111 0.097222 0.048889
243 0.321528 0.306111 0.219444 0.272222
306 0.159375 0.478889 0.149306 0.240000
264 0.402083 0.321111 0.168056 0.277778
185 0.465625 0.466111 0.274306 0.210000
42 0.609028 0.087778 0.243056 0.077778
255 0.452431 0.405000 0.195139 0.192222
212 0.604514 0.166667 0.225694 0.260000