152 0.306597 0.392778 0.150694 0.194444
247 0.457292 0.499444 0.210417 0.187778
228 0.254861 0.260556 0.237500 0.194444
47 0.571875 0.280556 0.227083 0.083333
115 0.580903 0.437778 0.260417 0.204444
281 0.445139 0.253889 0.461111 0.101111
296 0.647222 0.407222 0.319444 0.092222
242 0.335764 0.404444 0.172917 0.257778
307 0.569097 0.353889 0.200694 0.258889
187 0.262847 0.126111 0.202083 0.123333
167 0.555208 0.477778 0.161806 0.240000
168 0.357639 0.383333 0.191667 0.228889
199 0.548958 0.306667 0.207639 0.117778
46 0.517708 0.443333 0.272917 0.080000
82 0.307292 0.204444 0.196528 0.260000
9 0.253472 0.306667 0.173611 0.555556
141 0.558681 0.249444 0.243750 0.156667
111 0.173264 0.196667 0.250694 0.126667
42 0.286806 0.336667 0.243056 0.077778
286 0.218403 0.190000 0.324306 0.117778