158 0.513194 0.485556 0.347222 0.388889
142 0.517361 0.461111 0.190278 0.175556
239 0.588194 0.254444 0.225000 0.166667
98 0.425694 0.238333 0.225000 0.270000
258 0.313194 0.235000 0.209722 0.261111
244 0.569097 0.171111 0.200694 0.166667
29 0.140278 0.315556 0.083333 0.051111
159 0.179167 0.525000 0.177778 0.232222
309 0.505903 0.211111 0.246528 0.240000
17 0.333681 0.089444 0.545139 0.123333
2 0.875000 0.404444 1.000000 0.066667
109 0.512847 0.430000 0.213194 0.171111
15 0.075000 0.404444 0.097222 0.048889
202 0.368750 0.468889 0.194444 0.220000
126 0.150694 0.440000 0.181944 0.124444
100 0.416667 0.368889 0.169444 0.140000
145 0.196875 0.289444 0.188194 0.232222
25 0.313194 0.322222 0.097222 0.048889
94 0.401042 0.458333 0.250694 0.118889
259 0.413194 0.296667 0.219444 0.188889
33 0.154167 0.263333 0.097222 0.048889