292 0.375347 0.277222 0.299306 0.167778
134 0.417708 0.524444 0.156250 0.228889
176 0.233333 0.353333 0.222222 0.148889
271 0.557986 0.296111 0.156250 0.114444
133 0.496528 0.156111 0.155556 0.261111
101 0.600000 0.478889 0.212500 0.235556
109 0.511806 0.277778 0.209722 0.253333
191 0.142708 0.275556 0.156250 0.128889
70 0.402431 0.189444 0.239583 0.205556
227 0.455903 0.496111 0.240972 0.201111
208 0.416319 0.212222 0.267361 0.184444
181 0.326389 0.122222 0.183333 0.177778
249 0.517708 0.271667 0.188194 0.238889
233 0.461458 0.366111 0.179861 0.243333
207 0.192361 0.403333 0.222222 0.422222
278 0.623958 0.486667 0.375694 0.177778
299 0.353472 0.157778 0.219444 0.160000
270 0.590972 0.148333 0.205556 0.154444
226 0.118056 0.352222 0.097222 0.048889