75 0.634028 0.298889 0.486111 0.266667
145 0.245833 0.496111 0.231944 0.130000
90 0.386111 0.303333 0.444444 0.444444
210 0.594444 0.562222 0.238889 0.251111
288 0.465972 0.488333 0.366667 0.165556
124 0.500694 0.239444 0.158333 0.256667
195 0.319792 0.376667 0.164583 0.128889
9 0.276389 0.466667 0.173611 0.555556
183 0.563889 0.462222 0.168056 0.213333
278 0.746528 0.351667 0.543056 0.170000
129 0.146875 0.263333 0.196528 0.240000
283 0.491667 0.394444 0.352778 0.120000
156 0.442361 0.281111 0.347222 0.388889
266 0.426389 0.484444 0.158333 0.235556
39 0.515278 0.426667 0.243056 0.077778
314 0.199653 0.253333 0.235417 0.226667
294 0.341667 0.148333 0.465278 0.105556