6 0.548611 0.213889 0.450000 0.152222
280 0.242708 0.243333 0.409028 0.191111
185 0.255903 0.341667 0.175694 0.125556
80 0.200000 0.393889 0.208333 0.216667
230 0.611806 0.448889 0.222222 0.422222
173 0.231944 0.147778 0.097222 0.048889
151 0.383333 0.362778 0.173611 0.241111
124 0.145486 0.202778 0.261806 0.192222
198 0.580556 0.326667 0.277778 0.255556
146 0.131597 0.284444 0.196528 0.264444
248 0.317014 0.385556 0.182639 0.244444
27 0.270139 0.373333 0.097222 0.048889
214 0.102431 0.376111 0.140972 0.227778
177 0.208333 0.372222 0.262500 0.226667
3 0.746528 0.097778 1.000000 0.066667
64 0.268750 0.250000 0.222222 0.422222
228 0.315278 0.446667 0.252778 0.173333
91 0.603819 0.192778 0.206250 0.138889
178 0.557986 0.129444 0.207639 0.145556
122 0.251389 0.344444 0.197222 0.166667