51 0.163889 0.242222 0.229167 0.077778
75 0.504861 0.453333 0.486111 0.266667
257 0.209375 0.134444 0.163194 0.215556
21 0.436806 0.093333 0.097222 0.048889
231 0.313194 0.298889 0.241667 0.215556
289 0.670833 0.158889 0.348611 0.215556
116 0.627431 0.481667 0.268750 0.116667
32 0.420139 0.213889 0.088889 0.050000
16 0.474306 0.463333 0.429167 0.211111
215 0.539931 0.285000 0.179861 0.218889
22 0.086111 0.076667 0.033333 0.053333
52 0.357986 0.162222 0.217361 0.088889
227 0.250347 0.525556 0.177083 0.244444
236 0.179514 0.483333 0.207639 0.166667
265 0.327083 0.413889 0.254167 0.116667
295 0.607292 0.261111 0.413194 0.168889
119 0.281944 0.133889 0.159722 0.214444