250 0.521181 0.208889 0.142361 0.213333
223 0.391667 0.108333 0.265278 0.112222
161 0.111806 0.366111 0.190278 0.152222
280 0.630208 0.386667 0.314583 0.164444
209 0.333333 0.400556 0.148611 0.194444
0 0.960417 0.471111 1.000000 0.066667
111 0.501389 0.275000 0.161111 0.121111
175 0.472917 0.150000 0.097222 0.048889
150 0.274653 0.181667 0.232639 0.250000
252 0.373611 0.479444 0.188889 0.258889
265 0.279167 0.321111 0.243056 0.140000
164 0.446181 0.413889 0.181250 0.156667
102 0.595833 0.446667 0.444444 0.444444
135 0.529514 0.186667 0.145139 0.213333
82 0.136806 0.368333 0.177778 0.234444
232 0.510764 0.424444 0.252083 0.231111
315 0.179514 0.346111 0.274306 0.263333
198 0.457986 0.251667 0.207639 0.223333
17 0.479514 0.204444 0.514583 0.144444
155 0.222917 0.333333 0.347222 0.388889
112 0.488194 0.342222 0.223611 0.162222
180 0.286111 0.450000 0.202778 0.140000
156 0.595833 0.461111 0.347222 0.388889
56 0.485417 0.260000 0.175000 0.077778