45 0.274653 0.222222 0.190972 0.084444
147 0.281250 0.300000 0.334722 0.535556
274 0.189236 0.444444 0.272917 0.166667
181 0.405903 0.368333 0.197917 0.232222
117 0.311806 0.295000 0.154167 0.156667
95 0.398264 0.372222 0.261806 0.186667
261 0.430556 0.476667 0.148611 0.253333
51 0.216319 0.462222 0.239583 0.088889
68 0.613889 0.638889 0.222222 0.422222
90 0.367361 0.587778 0.444444 0.444444
313 0.590972 0.358889 0.277778 0.255556
191 0.545139 0.265000 0.269444 0.185556
237 0.437847 0.441111 0.222917 0.140000
287 0.466319 0.496111 0.425694 0.194444
165 0.359722 0.282222 0.158333 0.202222
242 0.424653 0.306667 0.196528 0.228889
124 0.300000 0.262222 0.251389 0.242222
99 0.145139 0.315556 0.211111 0.255556
15 0.229861 0.116667 0.097222 0.048889