160 0.601736 0.405556 0.265972 0.153333
11 0.705903 0.266111 0.384028 0.174444
149 0.281944 0.304444 0.252778 0.404444
201 0.525000 0.124444 0.097222 0.048889
288 0.460417 0.351111 0.465278 0.122222
12 0.519444 0.347778 0.461111 0.164444
273 0.572917 0.352222 0.273611 0.188889
230 0.130556 0.532222 0.222222 0.422222
183 0.396181 0.273889 0.221528 0.118889
29 0.105208 0.140000 0.070139 0.040000
134 0.567708 0.306667 0.210417 0.277778
16 0.613889 0.392222 0.340278 0.111111
15 0.099306 0.271111 0.097222 0.048889
187 0.140625 0.241667 0.211806 0.258889
285 0.223264 0.151667 0.290972 0.083333