187 0.161806 0.216111 0.245833 0.198889
222 0.552431 0.082222 0.213194 0.113333
276 0.485069 0.374444 0.547917 0.144444
147 0.363889 0.575556 0.334722 0.535556
286 0.635764 0.391667 0.549306 0.101111
35 0.424306 0.161111 0.097222 0.048889
307 0.497917 0.271667 0.225000 0.136667
179 0.406250 0.403889 0.151389 0.245556
71 0.206597 0.480556 0.211806 0.192222
58 0.590278 0.403889 0.252778 0.107778
38 0.506250 0.116667 0.243056 0.077778
274 0.321528 0.480556 0.218056 0.254444
76 0.528472 0.501111 0.486111 0.266667
149 0.579861 0.432222 0.252778 0.404444
34 0.276389 0.363333 0.097222 0.048889
114 0.170486 0.477222 0.274306 0.225556
299 0.572917 0.163333 0.240278 0.266667
89 0.125694 0.210000 0.220833 0.117778
204 0.250694 0.422222 0.243056 0.277778
199 0.212500 0.234444 0.150000 0.262222
255 0.410764 0.462778 0.224306 0.225556