19 0.218056 0.418889 0.097222 0.048889
162 0.280556 0.464444 0.268056 0.208889
148 0.135764 0.476667 0.193750 0.113333
305 0.454167 0.341667 0.251389 0.236667
13 0.673958 0.170556 0.472917 0.110000
62 0.190278 0.430000 0.243056 0.077778
89 0.300694 0.340000 0.168056 0.213333
253 0.427431 0.370000 0.199306 0.122222
57 0.378125 0.348889 0.195139 0.075556
215 0.545139 0.460556 0.219444 0.116667
223 0.347222 0.157778 0.258333 0.213333
34 0.480556 0.142222 0.097222 0.048889
186 0.472569 0.465556 0.193750 0.228889
271 0.410069 0.468333 0.260417 0.223333
98 0.318750 0.190000 0.150000 0.153333
79 0.538194 0.238889 0.155556 0.171111
15 0.431250 0.415556 0.097222 0.048889
46 0.512500 0.276667 0.244444 0.108889
240 0.476736 0.506667 0.242361 0.186667
110 0.115972 0.197222 0.163889 0.216667
191 0.567014 0.420556 0.160417 0.143333
188 0.373264 0.280556 0.243750 0.243333
207 0.260417 0.424444 0.222222 0.422222
190 0.614931 0.358333 0.202083 0.221111
230 0.212500 0.325556 0.222222 0.422222