19 0.084028 0.291111 0.097222 0.048889
287 0.579514 0.378889 0.486806 0.177778
295 0.703819 0.426111 0.490972 0.147778
299 0.362153 0.500000 0.231250 0.208889
30 0.236458 0.222778 0.085417 0.052222
49 0.443056 0.377222 0.208333 0.081111
248 0.266319 0.232222 0.246528 0.146667
51 0.244097 0.292778 0.199306 0.105556
219 0.445139 0.387778 0.097222 0.048889
84 0.158333 0.379444 0.275000 0.130000
115 0.376389 0.308889 0.169444 0.128889
108 0.515625 0.160000 0.228472 0.251111
259 0.404167 0.359444 0.204167 0.158889
93 0.534722 0.480556 0.254167 0.223333
27 0.356250 0.212222 0.097222 0.048889
139 0.620833 0.167778 0.269444 0.191111
307 0.617708 0.441111 0.209028 0.157778
158 0.194444 0.221111 0.347222 0.388889
216 0.503472 0.533889 0.194444 0.254444
273 0.464931 0.375556 0.231250 0.200000