143 0.154861 0.345556 0.162500 0.140000
116 0.300694 0.481111 0.170833 0.175556
66 0.356250 0.490000 0.222222 0.422222
265 0.455208 0.439444 0.277083 0.130000
286 0.357639 0.254444 0.548611 0.102222
129 0.348264 0.328333 0.190972 0.252222
196 0.438889 0.431111 0.140278 0.151111
159 0.448264 0.276667 0.242361 0.171111
160 0.255208 0.182222 0.214583 0.162222
260 0.562153 0.345556 0.214583 0.186667
287 0.600347 0.218333 0.488194 0.187778
24 0.550000 0.465556 0.097222 0.048889
135 0.538889 0.355556 0.234722 0.195556
295 0.591319 0.456111 0.486806 0.198889
92 0.593750 0.398889 0.179167 0.277778
44 0.573611 0.131111 0.243056 0.077778
199 0.244444 0.398889 0.206944 0.128889
274 0.181944 0.182778 0.276389 0.243333
97 0.577431 0.548889 0.174306 0.273333