213 0.353819 0.198333 0.211806 0.212222
201 0.338889 0.211111 0.097222 0.048889
116 0.216667 0.256667 0.191667 0.115556
19 0.146528 0.141111 0.097222 0.048889
197 0.337153 0.422222 0.145139 0.153333
188 0.200000 0.390000 0.155556 0.175556
207 0.529167 0.538889 0.222222 0.422222
184 0.283333 0.565556 0.222222 0.260000
127 0.295833 0.466111 0.213889 0.121111
253 0.226736 0.476111 0.270139 0.230000
315 0.209028 0.457778 0.152778 0.188889
135 0.556250 0.254444 0.269444 0.266667
64 0.211111 0.534444 0.222222 0.422222
100 0.549306 0.365000 0.231944 0.254444