249 0.434375 0.302222 0.204861 0.140000
218 0.500694 0.361111 0.201389 0.277778
104 0.473264 0.513889 0.238194 0.245556
16 0.335069 0.404444 0.365972 0.133333
111 0.507986 0.241667 0.246528 0.183333
38 0.280556 0.157778 0.243056 0.077778
187 0.587500 0.141667 0.272222 0.145556
26 0.547222 0.103333 0.097222 0.048889
73 0.268750 0.233333 0.156944 0.168889
260 0.589236 0.192222 0.254861 0.211111
21 0.313194 0.175556 0.097222 0.048889
286 0.323958 0.409444 0.553472 0.078889
152 0.608333 0.222222 0.245833 0.222222
148 0.454514 0.490556 0.149306 0.254444