84 0.270486 0.498333 0.197917 0.176667
289 0.567708 0.450556 0.332639 0.212222
38 0.290278 0.435556 0.243056 0.077778
171 0.434375 0.448889 0.263194 0.191111
184 0.567361 0.247778 0.276389 0.215556
280 0.270139 0.350556 0.290278 0.067778
173 0.153472 0.403333 0.097222 0.048889
196 0.211458 0.447222 0.275694 0.150000
31 0.205903 0.358333 0.070139 0.043333
262 0.111806 0.208889 0.169444 0.188889
205 0.501389 0.166111 0.194444 0.274444
177 0.367014 0.206111 0.245139 0.250000
12 0.279514 0.415556 0.513194 0.215556
19 0.291667 0.311111 0.097222 0.048889
94 0.370486 0.508333 0.252083 0.227778
240 0.465278 0.377222 0.225000 0.214444
100 0.377083 0.175556 0.148611 0.137778
291 0.304167 0.248889 0.501389 0.160000
126 0.502431 0.215556 0.259028 0.255556
228 0.467708 0.523333 0.197917 0.222222
233 0.202778 0.413333 0.166667 0.111111
180 0.455208 0.471667 0.264583 0.203333
187 0.452778 0.353333 0.238889 0.171111