44 0.622917 0.425556 0.243056 0.077778
305 0.199306 0.332778 0.218056 0.221111
106 0.573264 0.359444 0.167361 0.161111
170 0.305556 0.441111 0.161111 0.253333
133 0.219097 0.490556 0.221528 0.165556
142 0.292014 0.501111 0.249306 0.233333
165 0.300694 0.140000 0.233333 0.135556
252 0.359028 0.212778 0.180556 0.214444
220 0.456250 0.314444 0.251389 0.122222
199 0.382986 0.183889 0.236806 0.225556
26 0.104167 0.265556 0.097222 0.048889
92 0.245486 0.525000 0.146528 0.214444
60 0.557639 0.308333 0.254167 0.092222
283 0.318403 0.090556 0.315972 0.074444
67 0.180556 0.251111 0.222222 0.422222
124 0.508333 0.307778 0.220833 0.168889
6 0.456944 0.476111 0.550000 0.216667
153 0.661806 0.581111 0.347222 0.388889
193 0.339931 0.185000 0.197917 0.236667
249 0.326042 0.538889 0.249306 0.200000
303 0.384028 0.470000 0.227778 0.126667
38 0.388889 0.243333 0.243056 0.077778
113 0.535764 0.389444 0.239583 0.210000
279 0.296528 0.417778 0.429167 0.206667