221 0.519097 0.266667 0.172917 0.204444
223 0.196181 0.423333 0.217361 0.131111
71 0.425347 0.430000 0.242361 0.113333
116 0.499306 0.572222 0.208333 0.271111
26 0.561806 0.256667 0.097222 0.048889
209 0.246875 0.358889 0.152083 0.202222
261 0.594792 0.366111 0.185417 0.172222
107 0.246875 0.300000 0.196528 0.266667
173 0.115972 0.332222 0.097222 0.048889
23 0.492361 0.291111 0.033333 0.053333
230 0.191667 0.282222 0.222222 0.422222
306 0.207639 0.211667 0.163889 0.241111
282 0.359028 0.282222 0.413889 0.088889
103 0.552431 0.246111 0.246528 0.212222
232 0.409375 0.163333 0.204861 0.113333
153 0.368056 0.538889 0.347222 0.388889
74 0.682639 0.507778 0.486111 0.266667
216 0.392708 0.157778 0.236806 0.208889
202 0.511458 0.420000 0.245139 0.251111
20 0.160417 0.101111 0.097222 0.048889
31 0.377083 0.455000 0.109722 0.052222
126 0.479514 0.377222 0.168750 0.178889
182 0.401736 0.256667 0.225694 0.168889
231 0.152778 0.196111 0.248611 0.161111
184 0.559375 0.147778 0.268750 0.120000