119 0.514236 0.473333 0.231250 0.255556
42 0.322222 0.365556 0.243056 0.077778
129 0.588542 0.152222 0.222917 0.122222
69 0.365278 0.534444 0.222222 0.422222
118 0.258333 0.320000 0.259722 0.168889
291 0.275000 0.137222 0.330556 0.156667
15 0.463889 0.320000 0.097222 0.048889
227 0.197222 0.217778 0.223611 0.277778
182 0.390278 0.319444 0.247222 0.230000
77 0.525694 0.193333 0.486111 0.266667
262 0.596528 0.291111 0.197222 0.175556
196 0.173264 0.136667 0.261806 0.224444
32 0.197569 0.462778 0.095139 0.050000
181 0.505208 0.225000 0.185417 0.125556
203 0.356944 0.242222 0.201389 0.126667
202 0.572222 0.343889 0.156944 0.230000
48 0.357986 0.316667 0.229861 0.066667
52 0.350347 0.298333 0.214583 0.085556
59 0.287153 0.313889 0.254861 0.094444
283 0.615278 0.481111 0.484722 0.197778