70 0.579514 0.552778 0.154861 0.270000
201 0.193056 0.275556 0.097222 0.048889
196 0.129167 0.182222 0.212500 0.131111
250 0.128125 0.315556 0.139583 0.120000
170 0.369444 0.273889 0.173611 0.223333
83 0.607292 0.175000 0.218750 0.212222
29 0.448264 0.359444 0.086806 0.047778
75 0.356250 0.263333 0.486111 0.266667
33 0.372917 0.172222 0.097222 0.048889
97 0.324653 0.248333 0.227083 0.158889
299 0.464583 0.248889 0.245833 0.215556
123 0.213889 0.453889 0.254167 0.134444
55 0.363194 0.155000 0.212500 0.070000
57 0.407986 0.261111 0.222917 0.082222
186 0.630556 0.532222 0.266667 0.251111
309 0.482292 0.270000 0.254861 0.268889
119 0.415625 0.390000 0.147917 0.117778
14 0.447222 0.397222 0.505556 0.125556
153 0.422917 0.383333 0.347222 0.388889
155 0.254167 0.296667 0.347222 0.388889
93 0.554514 0.578333 0.221528 0.267778
95 0.538194 0.143333 0.183333 0.220000