94 0.531250 0.379444 0.154167 0.123333
302 0.519444 0.551111 0.172222 0.251111
253 0.462500 0.210000 0.198611 0.268889
279 0.435069 0.292222 0.411806 0.153333
311 0.535417 0.307222 0.212500 0.210000
225 0.560417 0.133333 0.097222 0.048889
98 0.371528 0.495000 0.168056 0.263333
93 0.538542 0.157222 0.175694 0.192222
186 0.250694 0.353333 0.173611 0.191111
159 0.349306 0.523889 0.252778 0.183333
111 0.422222 0.382222 0.205556 0.226667
29 0.181250 0.256111 0.076389 0.043333
211 0.313542 0.486111 0.192361 0.145556
156 0.193750 0.572222 0.347222 0.388889
5 0.545139 0.414444 0.361111 0.131111
233 0.500000 0.386111 0.250000 0.136667
70 0.174653 0.256667 0.272917 0.148889
291 0.471875 0.347222 0.543750 0.074444
238 0.414583 0.495000 0.211111 0.150000
101 0.433333 0.250000 0.202778 0.151111
227 0.483333 0.446111 0.170833 0.245556
33 0.509722 0.370000 0.097222 0.048889