10 0.696875 0.113889 0.457639 0.067778
239 0.238889 0.270000 0.143056 0.202222
176 0.321528 0.491111 0.180556 0.215556
280 0.673264 0.525556 0.367361 0.215556
39 0.523611 0.230000 0.243056 0.077778
162 0.595139 0.375556 0.190278 0.195556
125 0.490625 0.199444 0.146528 0.112222
246 0.530903 0.275000 0.265972 0.118889
144 0.207292 0.165000 0.152083 0.272222
115 0.403819 0.391111 0.197917 0.273333
233 0.314931 0.345556 0.192361 0.237778
213 0.237847 0.230556 0.240972 0.261111
98 0.405208 0.481111 0.247917 0.157778