230 0.412500 0.585556 0.222222 0.422222
236 0.234028 0.190556 0.187500 0.136667
232 0.196875 0.335000 0.263194 0.201111
132 0.267014 0.322778 0.179861 0.136667
316 0.341667 0.396111 0.158333 0.232222
229 0.606250 0.325000 0.222222 0.143333
295 0.278125 0.480556 0.288194 0.072222
219 0.468750 0.144444 0.097222 0.048889
112 0.598958 0.391111 0.178472 0.260000
60 0.209028 0.332222 0.204167 0.075556
149 0.176389 0.540000 0.252778 0.404444
265 0.499306 0.243889 0.275000 0.132222
138 0.548958 0.143889 0.143750 0.156667
151 0.346875 0.245000 0.200694 0.241111