180 0.494444 0.243333 0.184722 0.124444
219 0.334028 0.170000 0.097222 0.048889
75 0.479861 0.226667 0.486111 0.266667
62 0.437500 0.478889 0.243056 0.077778
200 0.248611 0.258889 0.097222 0.048889
239 0.199306 0.246667 0.227778 0.275556
81 0.348264 0.341111 0.197917 0.213333
281 0.365625 0.210000 0.535417 0.160000
9 0.399306 0.303333 0.173611 0.555556
289 0.322917 0.288889 0.315278 0.193333
178 0.282986 0.332222 0.227083 0.226667
222 0.318403 0.367778 0.224306 0.191111
142 0.606944 0.298333 0.195833 0.214444
265 0.518403 0.422778 0.214583 0.263333
27 0.276389 0.204444 0.097222 0.048889