63 0.484722 0.550000 0.222222 0.422222
305 0.270833 0.149444 0.158333 0.167778
235 0.176042 0.290000 0.163194 0.213333
16 0.326389 0.373333 0.501389 0.111111
210 0.155208 0.423333 0.211806 0.260000
219 0.416667 0.315556 0.097222 0.048889
271 0.475000 0.286111 0.141667 0.267778
183 0.521528 0.407778 0.222222 0.215556
113 0.443750 0.250556 0.170833 0.212222
101 0.476042 0.347222 0.197917 0.154444
24 0.397917 0.240000 0.097222 0.048889
172 0.258681 0.272222 0.252083 0.248889
240 0.192708 0.451111 0.190972 0.217778
12 0.376736 0.425000 0.484028 0.210000
187 0.260764 0.337222 0.275694 0.161111
178 0.349306 0.167778 0.218056 0.253333
278 0.559375 0.350556 0.517361 0.196667
138 0.347569 0.107778 0.189583 0.157778
33 0.415278 0.354444 0.097222 0.048889
133 0.168403 0.151667 0.238194 0.245556
227 0.530903 0.231111 0.196528 0.131111
299 0.313889 0.129444 0.161111 0.112222
254 0.324306 0.172778 0.191667 0.163333
170 0.578472 0.203889 0.244444 0.183333
37 0.377083 0.148889 0.243056 0.077778