178 0.526736 0.415556 0.261806 0.182222
35 0.340278 0.358889 0.097222 0.048889
286 0.578819 0.362222 0.459028 0.113333
283 0.287500 0.428889 0.465278 0.120000
114 0.154861 0.460000 0.236111 0.208889
251 0.295139 0.147222 0.230556 0.170000
104 0.363194 0.306111 0.190278 0.241111
49 0.613194 0.427222 0.216667 0.094444
312 0.557986 0.158889 0.156250 0.140000
166 0.204514 0.143333 0.185417 0.240000
77 0.366667 0.321111 0.486111 0.266667
99 0.230208 0.505556 0.193750 0.157778
314 0.313889 0.489444 0.176389 0.207778
107 0.378125 0.284444 0.267361 0.215556