150 0.151736 0.337778 0.139583 0.251111
313 0.448958 0.392778 0.146528 0.223333
190 0.216667 0.457222 0.215278 0.230000
267 0.178125 0.254444 0.277083 0.277778
238 0.176389 0.375556 0.161111 0.264444
240 0.434028 0.131111 0.161111 0.217778
90 0.572222 0.271111 0.444444 0.444444
219 0.203472 0.434444 0.097222 0.048889
33 0.441667 0.225556 0.097222 0.048889
180 0.220139 0.170000 0.254167 0.164444
282 0.278125 0.081111 0.372917 0.071111
21 0.149306 0.457778 0.097222 0.048889
216 0.450347 0.146111 0.268750 0.132222
236 0.548264 0.470000 0.234028 0.173333
25 0.488889 0.093333 0.097222 0.048889
232 0.473264 0.406111 0.181250 0.212222
312 0.142708 0.407778 0.217361 0.177778
260 0.269444 0.202778 0.270833 0.270000
163 0.621528 0.378889 0.219444 0.275556
112 0.178472 0.295000 0.226389 0.127778
239 0.423611 0.255000 0.244444 0.118889
174 0.279861 0.443333 0.097222 0.048889