239 0.479861 0.175556 0.177778 0.131111
161 0.236806 0.432778 0.247222 0.252222
231 0.604861 0.383333 0.212500 0.217778
142 0.490972 0.516667 0.276389 0.146667
127 0.113194 0.442778 0.172222 0.167778
214 0.285069 0.274444 0.259028 0.177778
291 0.716319 0.227222 0.439583 0.181111
147 0.509028 0.303333 0.334722 0.535556
316 0.472917 0.252778 0.169444 0.241111
158 0.264583 0.324444 0.347222 0.388889
252 0.631944 0.396111 0.273611 0.252222
240 0.367708 0.278889 0.175694 0.117778
184 0.635069 0.199444 0.261806 0.236667
246 0.324306 0.228333 0.162500 0.136667
22 0.324306 0.341111 0.033333 0.053333
288 0.303819 0.136667 0.434028 0.222222
24 0.477083 0.208889 0.097222 0.048889
305 0.465625 0.454444 0.181250 0.277778
119 0.554514 0.217222 0.199306 0.216667
244 0.530903 0.111667 0.170139 0.172222
112 0.232639 0.466667 0.206944 0.273333
299 0.456944 0.195000 0.245833 0.170000