106 0.620486 0.238889 0.277083 0.204444
144 0.383333 0.368889 0.269444 0.244444
179 0.349653 0.354444 0.253472 0.211111
212 0.405556 0.250556 0.268056 0.276667
203 0.510417 0.361667 0.145833 0.212222
298 0.683681 0.351111 0.463194 0.220000
21 0.434722 0.353333 0.097222 0.048889
65 0.492361 0.528889 0.222222 0.422222
237 0.368750 0.508889 0.273611 0.273333
24 0.448611 0.465556 0.097222 0.048889
95 0.528125 0.268889 0.268750 0.142222
121 0.192708 0.522778 0.147917 0.174444
235 0.278125 0.487222 0.232639 0.252222
205 0.155556 0.355556 0.254167 0.173333
211 0.496528 0.358333 0.194444 0.112222