137 0.250000 0.111111 0.231944 0.126667
36 0.452083 0.170000 0.243056 0.077778
162 0.270833 0.246667 0.195833 0.175556
170 0.267361 0.291111 0.156944 0.240000
249 0.602778 0.113889 0.215278 0.174444
48 0.415625 0.085000 0.225694 0.107778
34 0.438194 0.070000 0.097222 0.048889
237 0.451389 0.291111 0.147222 0.191111
85 0.335764 0.405000 0.171528 0.183333
19 0.191667 0.315556 0.097222 0.048889
12 0.222222 0.190000 0.308333 0.144444
266 0.577778 0.545000 0.234722 0.214444
230 0.578472 0.378889 0.222222 0.422222
207 0.439583 0.477778 0.222222 0.422222
173 0.552778 0.433333 0.097222 0.048889
185 0.530903 0.517778 0.199306 0.244444
62 0.418056 0.315556 0.243056 0.077778