55 0.258333 0.284444 0.240278 0.111111
231 0.180208 0.206667 0.207639 0.164444
297 0.329514 0.311111 0.435417 0.091111
31 0.295486 0.381111 0.088194 0.042222
219 0.168056 0.070000 0.097222 0.048889
132 0.592361 0.266667 0.193056 0.182222
291 0.439931 0.323333 0.407639 0.097778
190 0.497917 0.502222 0.248611 0.231111
163 0.545139 0.376111 0.202778 0.176667
183 0.525000 0.476111 0.218056 0.236667
262 0.314583 0.304444 0.144444 0.140000
25 0.527778 0.048889 0.097222 0.048889
72 0.229167 0.404444 0.255556 0.215556
161 0.115972 0.340556 0.176389 0.165556
165 0.502778 0.422222 0.161111 0.140000