104 0.194097 0.144444 0.203472 0.220000
176 0.294792 0.231667 0.264583 0.214444
306 0.373958 0.456667 0.264583 0.162222
250 0.248958 0.282222 0.235417 0.162222
282 0.762847 0.132778 0.497917 0.107778
280 0.343403 0.281667 0.371528 0.156667
165 0.373264 0.477222 0.147917 0.263333
155 0.484028 0.448889 0.347222 0.388889
125 0.219097 0.221111 0.189583 0.193333
169 0.487153 0.235556 0.238194 0.235556
13 0.663194 0.363889 0.504167 0.074444
89 0.520833 0.152222 0.229167 0.140000
153 0.380556 0.241111 0.347222 0.388889
114 0.322222 0.264444 0.172222 0.208889
175 0.186806 0.141111 0.097222 0.048889
273 0.159375 0.183889 0.267361 0.230000
138 0.222222 0.459444 0.272222 0.216667
53 0.200347 0.108333 0.195139 0.101111