96 0.288194 0.446111 0.270833 0.267778
140 0.525000 0.285000 0.259722 0.230000
204 0.177083 0.553889 0.273611 0.263333
121 0.551389 0.286111 0.206944 0.238889
40 0.165278 0.451111 0.243056 0.077778
126 0.561111 0.530556 0.177778 0.185556
94 0.113889 0.157222 0.183333 0.256667
166 0.312847 0.406667 0.157639 0.220000
143 0.220833 0.472778 0.248611 0.203333
241 0.376389 0.313333 0.275000 0.146667
186 0.346875 0.506111 0.188194 0.258889
113 0.179861 0.468333 0.230556 0.161111
98 0.486111 0.132778 0.150000 0.134444
137 0.442708 0.500000 0.200694 0.175556
197 0.154861 0.137222 0.179167 0.190000