134 0.319097 0.502222 0.254861 0.182222
52 0.433333 0.403889 0.241667 0.083333
22 0.466667 0.103333 0.033333 0.053333
192 0.426736 0.249444 0.238194 0.125556
200 0.196528 0.058889 0.097222 0.048889
164 0.420139 0.155556 0.272222 0.131111
303 0.389583 0.201667 0.259722 0.214444
279 0.333333 0.125556 0.515278 0.137778
267 0.392708 0.206111 0.147917 0.276667
51 0.503819 0.405556 0.174306 0.082222
231 0.253472 0.251111 0.179167 0.188889
165 0.302778 0.202778 0.155556 0.181111
140 0.580903 0.516111 0.246528 0.261111
127 0.544792 0.138889 0.170139 0.226667
182 0.453472 0.272222 0.161111 0.160000
30 0.151736 0.374444 0.117361 0.040000
92 0.134028 0.191111 0.180556 0.260000
169 0.303125 0.178333 0.152083 0.141111
71 0.495139 0.355000 0.262500 0.256667
1 0.664583 0.308889 1.000000 0.066667
86 0.244097 0.203333 0.188194 0.262222
286 0.377083 0.275000 0.308333 0.103333