291 0.271875 0.406667 0.404861 0.111111
180 0.351042 0.336667 0.277083 0.268889
248 0.502778 0.473889 0.212500 0.245556
93 0.267361 0.103333 0.204167 0.124444
237 0.523958 0.313889 0.192361 0.118889
312 0.235069 0.313333 0.189583 0.193333
128 0.601736 0.185000 0.261806 0.194444
110 0.180556 0.472778 0.155556 0.125556
36 0.434028 0.276667 0.243056 0.077778
177 0.161111 0.472778 0.179167 0.138889
56 0.207639 0.168333 0.175000 0.070000
7 0.503472 0.452222 0.173611 0.555556
212 0.604167 0.426111 0.220833 0.158889
122 0.278125 0.201111 0.271528 0.244444
184 0.596528 0.414444 0.215278 0.122222
37 0.362500 0.183333 0.243056 0.077778
57 0.604167 0.390000 0.237500 0.091111