216 0.439583 0.454444 0.245833 0.193333
161 0.325000 0.486111 0.223611 0.227778
196 0.380208 0.368333 0.192361 0.267778
203 0.178472 0.509444 0.152778 0.207778
276 0.467361 0.486111 0.356944 0.218889
145 0.487500 0.119444 0.187500 0.141111
171 0.363194 0.260556 0.222222 0.247778
179 0.397222 0.304444 0.277778 0.166667
118 0.376389 0.137222 0.166667 0.161111
297 0.493750 0.406667 0.368056 0.142222
195 0.269444 0.216667 0.173611 0.157778
49 0.164236 0.169444 0.225694 0.081111
219 0.271528 0.386667 0.097222 0.048889
228 0.250000 0.439444 0.201389 0.232222
281 0.353125 0.190556 0.513194 0.136667
101 0.364931 0.288889 0.181250 0.244444
53 0.351389 0.156667 0.222222 0.073333
225 0.302778 0.388889 0.097222 0.048889