310 0.125694 0.366111 0.176389 0.276667
104 0.419792 0.254444 0.195139 0.208889
300 0.360417 0.157778 0.486111 0.266667
22 0.118056 0.190000 0.033333 0.053333
43 0.403472 0.196667 0.243056 0.077778
122 0.380903 0.267778 0.229861 0.184444
236 0.225694 0.383889 0.211111 0.207778
143 0.565972 0.296667 0.151389 0.122222
26 0.420139 0.427778 0.097222 0.048889
269 0.437153 0.533889 0.224306 0.230000
284 0.270139 0.193889 0.456944 0.125556
251 0.232639 0.317778 0.150000 0.224444
16 0.623958 0.372222 0.345139 0.211111
267 0.582292 0.506667 0.271528 0.260000
242 0.553125 0.306667 0.224306 0.180000
99 0.431250 0.462778 0.270833 0.178889