38 0.539583 0.091111 0.243056 0.077778
234 0.336111 0.423333 0.212500 0.233333
251 0.199653 0.496111 0.202083 0.243333
118 0.235417 0.223333 0.231944 0.240000
310 0.215278 0.413333 0.275000 0.224444
225 0.379861 0.113333 0.097222 0.048889
210 0.164583 0.401667 0.183333 0.234444
26 0.125000 0.468889 0.097222 0.048889
212 0.359722 0.353333 0.269444 0.184444
86 0.411458 0.158889 0.211806 0.162222
214 0.172569 0.308333 0.190972 0.247778
276 0.394792 0.376667 0.409028 0.131111
129 0.581944 0.168889 0.225000 0.175556
233 0.593056 0.231667 0.180556 0.214444
174 0.345833 0.141111 0.097222 0.048889
159 0.269444 0.177778 0.243056 0.257778
295 0.378819 0.337222 0.536806 0.078889
288 0.370833 0.198333 0.486111 0.121111
164 0.278472 0.448889 0.180556 0.148889
285 0.549653 0.142222 0.334028 0.211111
316 0.197917 0.302778 0.226389 0.238889
311 0.132986 0.518333 0.170139 0.225556