83 0.257986 0.241667 0.234028 0.174444
293 0.658333 0.233889 0.481944 0.170000
60 0.147222 0.397778 0.241667 0.091111
177 0.210764 0.375000 0.170139 0.114444
38 0.145833 0.253333 0.243056 0.077778
165 0.420486 0.257222 0.199306 0.132222
257 0.464236 0.496667 0.159028 0.117778
91 0.452083 0.301111 0.151389 0.237778
96 0.250000 0.492222 0.176389 0.237778
13 0.378472 0.139444 0.518056 0.087778
63 0.395833 0.585556 0.222222 0.422222
35 0.134722 0.375556 0.097222 0.048889
114 0.117361 0.478333 0.202778 0.178889
170 0.194444 0.326667 0.163889 0.266667
47 0.449306 0.443333 0.211111 0.080000
107 0.497917 0.203333 0.265278 0.142222