207 0.163889 0.431111 0.222222 0.422222
48 0.299306 0.323333 0.243056 0.086667
3 0.652083 0.316667 1.000000 0.066667
283 0.198611 0.462778 0.334722 0.185556
2 0.522917 0.235556 1.000000 0.066667
193 0.590972 0.492222 0.216667 0.271111
49 0.394444 0.383889 0.226389 0.107778
112 0.568403 0.248333 0.149306 0.165556
131 0.382639 0.439444 0.273611 0.130000
15 0.400694 0.235556 0.097222 0.048889
175 0.516667 0.377778 0.097222 0.048889
122 0.599653 0.222222 0.259028 0.237778
97 0.299306 0.523889 0.161111 0.234444
129 0.322917 0.237222 0.261111 0.167778
257 0.366667 0.210556 0.144444 0.192222
185 0.404514 0.266111 0.150694 0.123333
251 0.137500 0.203333 0.194444 0.126667
282 0.264931 0.505000 0.367361 0.187778
189 0.134028 0.316111 0.225000 0.212222
250 0.597569 0.321667 0.192361 0.274444
34 0.390278 0.234444 0.097222 0.048889
145 0.115278 0.422222 0.154167 0.188889
144 0.451389 0.552222 0.186111 0.277778
307 0.170486 0.448889 0.156250 0.253333
119 0.126736 0.381667 0.182639 0.127778