77 0.554167 0.552222 0.486111 0.266667
157 0.250694 0.248889 0.347222 0.388889
204 0.221528 0.463333 0.269444 0.111111
260 0.498958 0.487778 0.179861 0.153333
48 0.393403 0.214444 0.235417 0.102222
219 0.410417 0.217778 0.097222 0.048889
269 0.536458 0.253889 0.142361 0.254444
68 0.414583 0.642222 0.222222 0.422222
273 0.138889 0.557778 0.204167 0.271111
99 0.163889 0.530556 0.208333 0.267778
279 0.352083 0.320000 0.376389 0.153333
152 0.436806 0.146111 0.238889 0.114444
294 0.578125 0.461667 0.402083 0.198889
211 0.395833 0.178889 0.190278 0.213333
168 0.483333 0.377222 0.140278 0.158889