225 0.075694 0.117778 0.097222 0.048889
293 0.633681 0.129444 0.540972 0.143333
184 0.364931 0.428889 0.174306 0.217778
309 0.612500 0.510000 0.208333 0.162222
191 0.445139 0.418333 0.215278 0.192222
102 0.665278 0.340000 0.444444 0.444444
42 0.619444 0.291111 0.243056 0.077778
216 0.143750 0.437778 0.184722 0.226667
13 0.475694 0.250000 0.280556 0.144444
87 0.210764 0.507778 0.174306 0.255556
51 0.239236 0.453889 0.224306 0.101111
258 0.425694 0.228333 0.254167 0.190000
43 0.313889 0.213333 0.243056 0.077778
125 0.541667 0.209444 0.273611 0.125556
207 0.577083 0.533333 0.222222 0.422222
8 0.187500 0.483333 0.173611 0.555556
194 0.485417 0.125556 0.147222 0.140000
228 0.576389 0.153889 0.138889 0.223333
133 0.522917 0.423333 0.150000 0.137778
199 0.567708 0.231667 0.260417 0.161111
236 0.211111 0.116111 0.213889 0.112222
98 0.600000 0.162222 0.254167 0.264444
277 0.306944 0.464444 0.361111 0.188889
276 0.595139 0.480556 0.400000 0.161111
77 0.480556 0.573333 0.486111 0.266667