304 0.182639 0.360000 0.234722 0.213333
90 0.692361 0.396667 0.444444 0.444444
60 0.602431 0.253889 0.224306 0.094444
33 0.446528 0.424444 0.097222 0.048889
286 0.538194 0.278889 0.377778 0.142222
102 0.552778 0.348889 0.444444 0.444444
182 0.464583 0.496667 0.154167 0.253333
244 0.585764 0.210556 0.211806 0.167778
51 0.602778 0.332222 0.236111 0.082222
114 0.362847 0.171667 0.264583 0.265556
292 0.708333 0.452778 0.509722 0.185556
242 0.440625 0.556111 0.239583 0.270000
96 0.427083 0.305000 0.202778 0.216667
107 0.544444 0.252222 0.183333 0.240000