191 0.207292 0.232222 0.142361 0.244444
136 0.594444 0.373889 0.266667 0.181111
29 0.273958 0.074444 0.074306 0.040000
113 0.431597 0.521111 0.185417 0.264444
92 0.564236 0.188333 0.229861 0.183333
48 0.333333 0.298333 0.200000 0.067778
203 0.532986 0.209444 0.182639 0.247778
266 0.446875 0.304444 0.171528 0.175556
134 0.362500 0.285556 0.140278 0.182222
24 0.522222 0.436667 0.097222 0.048889
184 0.092708 0.380000 0.156250 0.193333
137 0.554167 0.348889 0.231944 0.115556
186 0.432986 0.198333 0.156250 0.130000
172 0.422569 0.333333 0.142361 0.237778
10 0.645139 0.341111 0.409722 0.202222
77 0.481250 0.256667 0.486111 0.266667
221 0.327431 0.381111 0.211806 0.164444