3 0.634722 0.083333 1.000000 0.066667
49 0.205556 0.295556 0.248611 0.102222
35 0.199306 0.105556 0.097222 0.048889
31 0.290972 0.280000 0.083333 0.044444
255 0.579861 0.506111 0.183333 0.192222
10 0.509028 0.289444 0.515278 0.152222
107 0.150347 0.307222 0.231250 0.138889
271 0.587847 0.313889 0.152083 0.227778
183 0.507986 0.211667 0.202083 0.243333
57 0.247222 0.164444 0.263889 0.091111
97 0.210069 0.458333 0.246528 0.276667
84 0.588889 0.329444 0.244444 0.241111
268 0.120139 0.385000 0.163889 0.163333
89 0.519792 0.208889 0.165972 0.144444
204 0.388542 0.241111 0.195139 0.160000
237 0.614236 0.269444 0.253472 0.145556
140 0.477431 0.400000 0.238194 0.200000
235 0.168403 0.231111 0.239583 0.224444
152 0.313542 0.236111 0.252083 0.132222
85 0.207639 0.534444 0.152778 0.197778
172 0.403472 0.267222 0.152778 0.196667
161 0.377778 0.531667 0.245833 0.178889