101 0.155208 0.471667 0.178472 0.123333
129 0.486111 0.311667 0.241667 0.252222
144 0.616319 0.168889 0.228472 0.191111
193 0.389583 0.421111 0.256944 0.177778
239 0.130556 0.194444 0.197222 0.126667
63 0.180556 0.275556 0.222222 0.422222
295 0.690625 0.253333 0.531250 0.091111
35 0.446528 0.330000 0.097222 0.048889
59 0.301389 0.476667 0.186111 0.073333
119 0.590972 0.385000 0.218056 0.254444
256 0.323264 0.390556 0.182639 0.198889
136 0.226736 0.161667 0.260417 0.263333
254 0.372569 0.464444 0.259028 0.124444
25 0.400000 0.208889 0.097222 0.048889
89 0.194444 0.384444 0.222222 0.262222
87 0.128125 0.537222 0.139583 0.232222
65 0.177778 0.287778 0.222222 0.422222
96 0.296181 0.422778 0.202083 0.176667
152 0.421875 0.127778 0.275694 0.195556
94 0.195833 0.287222 0.220833 0.112222
228 0.525000 0.131111 0.175000 0.182222
1 0.556944 0.453333 1.000000 0.066667