159 0.522569 0.187222 0.168750 0.121111
294 0.265278 0.260556 0.465278 0.127778
28 0.552083 0.145556 0.243056 0.077778
124 0.371528 0.352222 0.204167 0.204444
282 0.670139 0.136667 0.381944 0.066667
8 0.106944 0.626667 0.173611 0.555556
272 0.265625 0.136667 0.270139 0.180000
222 0.395139 0.206667 0.231944 0.117778
66 0.600694 0.415556 0.222222 0.422222
127 0.579861 0.256111 0.215278 0.116667
288 0.277431 0.445000 0.334028 0.098889
121 0.195833 0.245000 0.197222 0.216667
101 0.465278 0.407778 0.266667 0.248889
165 0.437153 0.277222 0.200694 0.252222
175 0.086111 0.063333 0.097222 0.048889
110 0.542014 0.505556 0.239583 0.242222
36 0.620833 0.143333 0.243056 0.077778
245 0.551042 0.530000 0.229861 0.171111
20 0.177083 0.320000 0.097222 0.048889
76 0.389583 0.237778 0.486111 0.266667
276 0.613889 0.381667 0.475000 0.118889
253 0.462500 0.505556 0.215278 0.131111