95 0.151736 0.549444 0.170139 0.267778
230 0.403472 0.376667 0.222222 0.422222
147 0.301389 0.470000 0.334722 0.535556
281 0.622569 0.102778 0.352083 0.121111
209 0.498264 0.355000 0.231250 0.176667
234 0.371181 0.220000 0.197917 0.220000
219 0.418750 0.215556 0.097222 0.048889
237 0.297917 0.338333 0.222222 0.272222
296 0.266667 0.309444 0.388889 0.150000
131 0.306250 0.353333 0.245833 0.206667
181 0.497222 0.328889 0.186111 0.155556
222 0.194444 0.125556 0.168056 0.206667
242 0.510417 0.506667 0.258333 0.266667
210 0.442014 0.381667 0.143750 0.172222
122 0.430208 0.409444 0.253472 0.238889
225 0.237500 0.386667 0.097222 0.048889
179 0.446181 0.380000 0.153472 0.168889
78 0.557292 0.224444 0.250694 0.268889
205 0.525000 0.357222 0.208333 0.190000
128 0.184722 0.466667 0.147222 0.173333
104 0.384028 0.203889 0.215278 0.170000
270 0.353472 0.532778 0.144444 0.196667
302 0.310417 0.220000 0.187500 0.186667
315 0.497917 0.257778 0.251389 0.226667
28 0.538194 0.290000 0.243056 0.077778
107 0.530903 0.255556 0.221528 0.122222