156 0.489583 0.222222 0.347222 0.388889
143 0.266667 0.280000 0.243056 0.244444
21 0.457639 0.288889 0.097222 0.048889
242 0.181250 0.239444 0.180556 0.265556
243 0.263889 0.395556 0.248611 0.220000
297 0.265278 0.500556 0.287500 0.207778
272 0.300694 0.445000 0.163889 0.174444
258 0.515972 0.281667 0.186111 0.163333
3 0.856250 0.243333 1.000000 0.066667
254 0.418056 0.216667 0.176389 0.275556
177 0.329861 0.409444 0.241667 0.112222
180 0.401389 0.162222 0.156944 0.206667
8 0.599306 0.660000 0.173611 0.555556
228 0.466667 0.228333 0.277778 0.172222
117 0.566319 0.170556 0.247917 0.150000
101 0.594444 0.366667 0.170833 0.226667
95 0.510417 0.241111 0.248611 0.248889
107 0.429514 0.210556 0.225694 0.247778