192 0.460417 0.503333 0.258333 0.215556
234 0.370833 0.545000 0.222222 0.218889
9 0.131944 0.352222 0.173611 0.555556
72 0.194792 0.410556 0.243750 0.181111
291 0.719444 0.124444 0.450000 0.120000
167 0.401042 0.385000 0.189583 0.272222
270 0.523611 0.443333 0.262500 0.173333
70 0.534028 0.499444 0.197222 0.127778
74 0.515278 0.247778 0.486111 0.266667
195 0.534375 0.206667 0.261806 0.164444
202 0.286458 0.301111 0.142361 0.202222
216 0.524306 0.271111 0.170833 0.226667
43 0.477083 0.333333 0.243056 0.077778
125 0.308681 0.330000 0.188194 0.237778
302 0.190278 0.393889 0.148611 0.174444
121 0.318750 0.437778 0.237500 0.273333
197 0.395833 0.357778 0.245833 0.171111