30 0.553472 0.200000 0.119444 0.051111
45 0.179167 0.202222 0.190278 0.071111
36 0.263889 0.144444 0.243056 0.077778
256 0.158681 0.455000 0.253472 0.143333
125 0.269097 0.321667 0.249306 0.192222
72 0.543403 0.413889 0.190972 0.225556
132 0.343403 0.364444 0.172917 0.255556
127 0.598611 0.508889 0.255556 0.235556
313 0.262500 0.378333 0.250000 0.132222
23 0.217361 0.344444 0.033333 0.053333
168 0.239583 0.365556 0.211111 0.217778
52 0.206944 0.393889 0.251389 0.101111
269 0.302778 0.150000 0.186111 0.177778
26 0.152778 0.413333 0.097222 0.048889
121 0.369097 0.151667 0.206250 0.216667
64 0.159028 0.574444 0.222222 0.422222
104 0.297917 0.523333 0.191667 0.202222
21 0.104861 0.228889 0.097222 0.048889
214 0.514236 0.187222 0.165972 0.258889
250 0.388889 0.121667 0.230556 0.123333