124 0.360764 0.370556 0.239583 0.181111
70 0.248958 0.503889 0.175694 0.238889
122 0.218750 0.283333 0.233333 0.126667
150 0.204861 0.512222 0.201389 0.168889
28 0.320833 0.168889 0.243056 0.077778
296 0.620139 0.132222 0.398611 0.202222
257 0.427778 0.476111 0.250000 0.130000
238 0.627431 0.457778 0.234028 0.146667
156 0.517361 0.431111 0.347222 0.388889
224 0.331250 0.197222 0.140278 0.223333
288 0.313194 0.267778 0.487500 0.202222
171 0.482639 0.211667 0.204167 0.263333
242 0.336458 0.331667 0.202083 0.190000
189 0.178125 0.540000 0.220139 0.246667
277 0.568403 0.416667 0.439583 0.115556
75 0.466667 0.447778 0.486111 0.266667
206 0.320833 0.088889 0.243056 0.077778
246 0.261806 0.300556 0.256944 0.161111
144 0.494792 0.354444 0.228472 0.242222