252 0.480208 0.253889 0.159028 0.158889
308 0.381250 0.543333 0.154167 0.262222
197 0.365625 0.329444 0.264583 0.234444
267 0.462500 0.305000 0.176389 0.263333
217 0.546875 0.228889 0.253472 0.162222
167 0.222917 0.438889 0.216667 0.160000
192 0.450000 0.310556 0.211111 0.165556
230 0.172917 0.285556 0.222222 0.422222
150 0.495833 0.270556 0.143056 0.221111
214 0.562500 0.247778 0.218056 0.140000
49 0.582292 0.243889 0.199306 0.078889
247 0.539583 0.316111 0.230556 0.156667
191 0.276042 0.414444 0.186806 0.235556
67 0.260417 0.644444 0.222222 0.422222
168 0.587500 0.276111 0.227778 0.181111
139 0.543750 0.375000 0.186111 0.190000
128 0.307292 0.288333 0.268750 0.274444
122 0.404861 0.205556 0.273611 0.266667
80 0.528819 0.281111 0.190972 0.164444
30 0.321528 0.130000 0.098611 0.044444
18 0.456597 0.188889 0.372917 0.128889
15 0.175000 0.254444 0.097222 0.048889
52 0.315278 0.450556 0.234722 0.070000