314 0.315972 0.417778 0.268056 0.166667
1 0.645833 0.236667 1.000000 0.066667
278 0.380208 0.184444 0.389583 0.111111
80 0.378819 0.360000 0.220139 0.131111
276 0.761458 0.177222 0.511806 0.092222
224 0.244097 0.475000 0.220139 0.116667
6 0.491319 0.513889 0.425694 0.207778
26 0.432639 0.372222 0.097222 0.048889
33 0.461111 0.302222 0.097222 0.048889
182 0.517361 0.313889 0.187500 0.218889
181 0.323958 0.169444 0.228472 0.218889
136 0.493750 0.343889 0.140278 0.174444
58 0.473611 0.480000 0.268056 0.097778
243 0.235069 0.425556 0.267361 0.111111
184 0.280208 0.461667 0.143750 0.210000
129 0.490278 0.328889 0.237500 0.206667
211 0.358681 0.301667 0.268750 0.170000
3 0.797222 0.240000 1.000000 0.066667
11 0.574653 0.524444 0.418750 0.211111