128 0.209028 0.381667 0.216667 0.247778
119 0.287847 0.335000 0.188194 0.187778
96 0.106944 0.125000 0.155556 0.143333
242 0.347917 0.368889 0.197222 0.228889
95 0.426042 0.171667 0.234028 0.256667
24 0.263889 0.333333 0.097222 0.048889
9 0.490972 0.366667 0.173611 0.555556
112 0.445139 0.227778 0.255556 0.244444
136 0.419444 0.430556 0.265278 0.158889
248 0.517361 0.446111 0.188889 0.198889
152 0.565972 0.376667 0.218056 0.151111
170 0.329861 0.367778 0.270833 0.242222
123 0.209375 0.311667 0.184028 0.194444
12 0.613889 0.154444 0.301389 0.131111