70 0.490972 0.247778 0.202778 0.273333
201 0.134722 0.080000 0.097222 0.048889
20 0.335417 0.367778 0.097222 0.048889
192 0.147917 0.278889 0.252778 0.255556
104 0.550347 0.251667 0.177083 0.245556
110 0.583681 0.288333 0.257639 0.163333
191 0.607292 0.328333 0.209028 0.114444
162 0.503125 0.425556 0.145139 0.253333
1 0.999306 0.237778 1.000000 0.066667
240 0.390625 0.379444 0.246528 0.152222
262 0.101736 0.217778 0.159028 0.248889
225 0.350000 0.378889 0.097222 0.048889
212 0.170833 0.469444 0.183333 0.190000
129 0.461111 0.185000 0.148611 0.121111
265 0.152083 0.184444 0.193056 0.222222
135 0.231250 0.531111 0.145833 0.266667
304 0.309722 0.545556 0.231944 0.215556
15 0.154861 0.122222 0.097222 0.048889
26 0.495833 0.110000 0.097222 0.048889
311 0.512847 0.128889 0.175694 0.142222
144 0.355903 0.256667 0.168750 0.195556
126 0.186806 0.368333 0.223611 0.205556
27 0.100694 0.468889 0.097222 0.048889
86 0.392014 0.277222 0.214583 0.236667
300 0.322222 0.261111 0.486111 0.266667