187 0.290972 0.205556 0.143056 0.175556
218 0.505903 0.267222 0.220139 0.161111
0 0.833333 0.202222 1.000000 0.066667
74 0.476389 0.423333 0.486111 0.266667
294 0.321181 0.159444 0.542361 0.156667
250 0.318403 0.543333 0.147917 0.248889
288 0.491319 0.241111 0.378472 0.100000
177 0.264583 0.383333 0.251389 0.195556
225 0.150694 0.344444 0.097222 0.048889
51 0.455208 0.410556 0.182639 0.074444
275 0.540972 0.241111 0.491667 0.197778
153 0.188889 0.316667 0.347222 0.388889
99 0.547917 0.401111 0.259722 0.255556
110 0.163542 0.553889 0.186806 0.261111
266 0.166667 0.369444 0.226389 0.223333
244 0.427083 0.267778 0.248611 0.160000
143 0.233333 0.265556 0.202778 0.240000