186 0.521875 0.193333 0.207639 0.208889
239 0.177778 0.510000 0.175000 0.175556
215 0.229861 0.486667 0.190278 0.173333
73 0.223264 0.485556 0.206250 0.233333
172 0.201042 0.429444 0.199306 0.123333
74 0.523611 0.315556 0.486111 0.266667
225 0.234028 0.225556 0.097222 0.048889
88 0.283333 0.157222 0.226389 0.176667
67 0.302778 0.360000 0.222222 0.422222
100 0.331597 0.448889 0.200694 0.264444
25 0.554861 0.354444 0.097222 0.048889
169 0.620486 0.131667 0.239583 0.141111
96 0.390972 0.344444 0.156944 0.140000
281 0.263889 0.227222 0.379167 0.132222
120 0.247917 0.260556 0.261111 0.132222