168 0.381597 0.101667 0.238194 0.143333
290 0.287500 0.291111 0.300000 0.168889
247 0.440278 0.317778 0.183333 0.226667
38 0.333333 0.427778 0.243056 0.077778
43 0.198611 0.473333 0.243056 0.077778
252 0.355556 0.473889 0.247222 0.254444
167 0.453472 0.405000 0.188889 0.116667
294 0.531944 0.236667 0.384722 0.208889
277 0.750000 0.481667 0.491667 0.094444
305 0.515625 0.261667 0.177083 0.247778
304 0.555556 0.493889 0.250000 0.250000
110 0.209722 0.334444 0.250000 0.157778
30 0.238889 0.088333 0.088889 0.050000
11 0.528819 0.407222 0.377083 0.134444
13 0.686806 0.080000 0.536111 0.086667