2 0.659028 0.147778 1.000000 0.066667
91 0.335069 0.150556 0.200694 0.252222
157 0.465972 0.514444 0.347222 0.388889
159 0.210764 0.308333 0.207639 0.112222
180 0.241319 0.515000 0.217361 0.196667
302 0.612847 0.347222 0.236806 0.172222
303 0.224306 0.154444 0.216667 0.242222
153 0.585417 0.354444 0.347222 0.388889
38 0.318056 0.161111 0.243056 0.077778
154 0.533333 0.291111 0.347222 0.388889
259 0.393403 0.496667 0.232639 0.128889
261 0.528125 0.325556 0.232639 0.173333
9 0.499306 0.358889 0.173611 0.555556
51 0.141667 0.070000 0.213889 0.082222
61 0.621528 0.266111 0.265278 0.110000
200 0.120139 0.151111 0.097222 0.048889
203 0.311111 0.317778 0.145833 0.251111
311 0.240278 0.167222 0.143056 0.130000
156 0.337500 0.345556 0.347222 0.388889
248 0.148611 0.162222 0.263889 0.273333
230 0.328472 0.582222 0.222222 0.422222
215 0.346528 0.373333 0.254167 0.264444
250 0.480208 0.124444 0.164583 0.191111
218 0.140625 0.271667 0.229861 0.243333
119 0.227083 0.505000 0.237500 0.254444