122 0.439236 0.311667 0.259028 0.194444
17 0.321528 0.191111 0.536111 0.120000
271 0.539583 0.512222 0.266667 0.244444
262 0.190625 0.131111 0.218750 0.135556
181 0.238194 0.256111 0.213889 0.207778
98 0.258681 0.374444 0.214583 0.226667
245 0.295139 0.233889 0.220833 0.243333
109 0.347917 0.236111 0.170833 0.138889
260 0.194097 0.441111 0.188194 0.235556
36 0.544444 0.083333 0.243056 0.077778
113 0.615972 0.197778 0.255556 0.144444
68 0.531250 0.584444 0.222222 0.422222
280 0.354514 0.094444 0.304861 0.135556
196 0.446875 0.315000 0.165972 0.263333
164 0.558333 0.342222 0.256944 0.117778
240 0.583681 0.253889 0.204861 0.207778
72 0.279514 0.308889 0.171528 0.162222
131 0.140278 0.446667 0.195833 0.155556
42 0.306250 0.317778 0.243056 0.077778
40 0.451389 0.214444 0.243056 0.077778