300 0.455556 0.506667 0.486111 0.266667
61 0.516319 0.368889 0.257639 0.104444
117 0.526389 0.338333 0.209722 0.138889
82 0.586806 0.448889 0.237500 0.128889
52 0.303125 0.298889 0.260417 0.091111
282 0.181597 0.201111 0.335417 0.075556
19 0.231944 0.262222 0.097222 0.048889
111 0.115625 0.263333 0.152083 0.124444
174 0.268750 0.361111 0.097222 0.048889
80 0.430208 0.331667 0.182639 0.156667
121 0.287847 0.437222 0.257639 0.154444
127 0.490625 0.545000 0.168750 0.250000
33 0.552083 0.123333 0.097222 0.048889
260 0.314931 0.523333 0.256250 0.175556
304 0.142361 0.286111 0.151389 0.152222
132 0.482292 0.353889 0.204861 0.234444
40 0.279861 0.334444 0.243056 0.077778
202 0.127431 0.431111 0.153472 0.142222
6 0.578125 0.190556 0.418750 0.154444
95 0.233333 0.247778 0.173611 0.115556
31 0.296528 0.298889 0.102778 0.046667