230 0.309028 0.526667 0.222222 0.422222
83 0.362847 0.498333 0.211806 0.207778
302 0.205556 0.404444 0.191667 0.111111
5 0.395833 0.147222 0.497222 0.110000
227 0.292014 0.501667 0.182639 0.152222
126 0.117708 0.260556 0.200694 0.214444
12 0.712500 0.365000 0.544444 0.136667
97 0.233681 0.435556 0.200694 0.175556
155 0.545833 0.576667 0.347222 0.388889
44 0.291667 0.216667 0.243056 0.077778
285 0.525347 0.060000 0.322917 0.066667
43 0.466667 0.225556 0.243056 0.077778
188 0.123611 0.517778 0.150000 0.162222