225 0.185417 0.067778 0.097222 0.048889
13 0.665972 0.178889 0.333333 0.206667
250 0.474306 0.392222 0.237500 0.213333
132 0.421181 0.247778 0.150694 0.164444
211 0.581944 0.540000 0.250000 0.275556
176 0.246528 0.157222 0.198611 0.203333
255 0.517361 0.341667 0.270833 0.145556
157 0.259028 0.401111 0.347222 0.388889
271 0.478819 0.330556 0.240972 0.154444
106 0.210417 0.316111 0.170833 0.174444
276 0.711111 0.357778 0.525000 0.164444
167 0.174306 0.420556 0.202778 0.223333
227 0.218750 0.436667 0.166667 0.184444
309 0.492361 0.501667 0.256944 0.172222
181 0.573611 0.270000 0.220833 0.224444
222 0.468056 0.430556 0.156944 0.270000
308 0.206250 0.505000 0.201389 0.196667
8 0.458333 0.525556 0.173611 0.555556
112 0.486806 0.247778 0.159722 0.180000
11 0.521181 0.122222 0.493750 0.182222