82 0.386458 0.482222 0.178472 0.182222
73 0.506944 0.228889 0.208333 0.162222
21 0.238889 0.126667 0.097222 0.048889
196 0.118403 0.338889 0.150694 0.182222
102 0.646528 0.636667 0.444444 0.444444
251 0.303125 0.147222 0.185417 0.127778
300 0.574306 0.213333 0.486111 0.266667
110 0.543750 0.246111 0.187500 0.116667
285 0.355208 0.220000 0.290972 0.097778
243 0.497569 0.170556 0.206250 0.207778
266 0.403819 0.348333 0.224306 0.152222
175 0.250000 0.140000 0.097222 0.048889
177 0.316319 0.518333 0.152083 0.238889
44 0.515278 0.110000 0.243056 0.077778
92 0.172569 0.475556 0.238194 0.111111
220 0.559375 0.173889 0.235417 0.265556
202 0.234028 0.254444 0.169444 0.240000
70 0.344097 0.206667 0.156250 0.148889
197 0.337500 0.169444 0.237500 0.154444
309 0.471528 0.472778 0.197222 0.170000