276 0.560764 0.301667 0.417361 0.196667
198 0.527431 0.297778 0.149306 0.222222
25 0.356944 0.367778 0.097222 0.048889
70 0.379514 0.544444 0.222917 0.246667
159 0.183333 0.245556 0.145833 0.246667
175 0.090972 0.173333 0.097222 0.048889
118 0.427778 0.411111 0.143056 0.171111
226 0.085417 0.111111 0.097222 0.048889
66 0.430556 0.404444 0.222222 0.422222
61 0.230903 0.239444 0.221528 0.110000
50 0.625347 0.373889 0.236806 0.110000
214 0.363889 0.433333 0.155556 0.217778
7 0.352083 0.543333 0.173611 0.555556