227 0.347569 0.210000 0.250694 0.237778
306 0.396875 0.363889 0.179861 0.134444
205 0.285764 0.255000 0.274306 0.127778
140 0.519097 0.478889 0.186806 0.153333
113 0.326042 0.163333 0.218750 0.171111
29 0.191319 0.393333 0.077083 0.048889
242 0.459722 0.148333 0.206944 0.134444
148 0.227431 0.495556 0.260417 0.208889
138 0.303819 0.389444 0.250694 0.210000
109 0.488542 0.396667 0.193750 0.271111
53 0.393056 0.213889 0.265278 0.072222
274 0.540972 0.302778 0.194444 0.192222
300 0.667361 0.315556 0.486111 0.266667
25 0.528472 0.296667 0.097222 0.048889
212 0.515278 0.279444 0.168056 0.118889
279 0.231944 0.480000 0.433333 0.217778
241 0.439236 0.287222 0.174306 0.198889
309 0.196181 0.323333 0.142361 0.191111
103 0.628125 0.440000 0.259028 0.222222
207 0.397222 0.465556 0.222222 0.422222
284 0.652083 0.318889 0.284722 0.184444
122 0.153819 0.274444 0.157639 0.171111