71 0.165625 0.310556 0.231250 0.150000
87 0.543750 0.216111 0.181944 0.267778
174 0.327778 0.216667 0.097222 0.048889
270 0.563194 0.329444 0.151389 0.241111
56 0.495486 0.332222 0.192361 0.111111
138 0.161458 0.414444 0.261806 0.191111
278 0.408333 0.294444 0.300000 0.213333
139 0.206944 0.542222 0.184722 0.217778
85 0.512153 0.543889 0.170139 0.234444
273 0.613542 0.160000 0.264583 0.251111
78 0.185069 0.183333 0.171528 0.237778
179 0.185417 0.523889 0.213889 0.230000
2 0.981944 0.441111 1.000000 0.066667
192 0.537847 0.294444 0.199306 0.213333
241 0.239583 0.538333 0.166667 0.245556
133 0.213889 0.432222 0.162500 0.184444
216 0.599653 0.458333 0.178472 0.201111