32 0.379861 0.304444 0.112500 0.040000
294 0.294792 0.430556 0.456250 0.132222
128 0.552083 0.474444 0.170833 0.246667
14 0.568750 0.426667 0.331944 0.182222
186 0.403819 0.570556 0.210417 0.254444
269 0.165625 0.219444 0.168750 0.205556
189 0.382292 0.516667 0.154861 0.233333
298 0.655903 0.171667 0.320139 0.101111
86 0.362153 0.225556 0.175694 0.195556
187 0.309028 0.284444 0.151389 0.120000
308 0.170486 0.470556 0.257639 0.165556
224 0.367361 0.171111 0.156944 0.188889
35 0.174306 0.247778 0.097222 0.048889
31 0.192361 0.231111 0.106944 0.040000
20 0.463889 0.238889 0.097222 0.048889
22 0.189583 0.271111 0.033333 0.053333
104 0.378819 0.369444 0.254861 0.181111
158 0.363889 0.403333 0.347222 0.388889