286 0.339236 0.216667 0.402083 0.155556
115 0.247917 0.467778 0.252778 0.228889
138 0.422222 0.346667 0.269444 0.111111
131 0.212153 0.267222 0.254861 0.145556
209 0.359028 0.281667 0.152778 0.261111
59 0.406250 0.311111 0.197222 0.068889
44 0.594444 0.320000 0.243056 0.077778
279 0.505903 0.471667 0.317361 0.158889
106 0.185764 0.447222 0.277083 0.270000
46 0.643403 0.243889 0.275694 0.081111
146 0.602431 0.328333 0.271528 0.261111
36 0.456250 0.453333 0.243056 0.077778
161 0.198611 0.340000 0.243056 0.220000
156 0.490278 0.467778 0.347222 0.388889