23 0.342361 0.424444 0.033333 0.053333
302 0.473958 0.405556 0.222917 0.273333
61 0.482639 0.382222 0.201389 0.102222
238 0.444444 0.438333 0.273611 0.192222
47 0.169792 0.255000 0.254861 0.067778
298 0.735764 0.305556 0.459028 0.146667
257 0.320139 0.274444 0.234722 0.126667
11 0.291667 0.126667 0.313889 0.102222
147 0.379861 0.566667 0.334722 0.535556
229 0.218056 0.490556 0.187500 0.112222
64 0.471528 0.595556 0.222222 0.422222
154 0.214583 0.307778 0.347222 0.388889
218 0.105208 0.385556 0.145139 0.211111
53 0.229514 0.452222 0.175694 0.080000
85 0.115278 0.155556 0.183333 0.171111
20 0.210417 0.398889 0.097222 0.048889
201 0.175000 0.188889 0.097222 0.048889