169 0.439236 0.234444 0.249306 0.268889
258 0.542361 0.204444 0.206944 0.135556
66 0.359722 0.288889 0.222222 0.422222
291 0.385417 0.192222 0.341667 0.222222
46 0.425000 0.202222 0.233333 0.088889
160 0.542708 0.389444 0.195139 0.114444
95 0.253125 0.360556 0.160417 0.158889
123 0.321875 0.231111 0.250694 0.268889
300 0.466667 0.497778 0.486111 0.266667
260 0.495486 0.176111 0.267361 0.123333
138 0.299306 0.283889 0.255556 0.156667
87 0.591667 0.270000 0.180556 0.264444
134 0.322569 0.255000 0.149306 0.234444
127 0.298264 0.370000 0.245139 0.157778
92 0.202083 0.322222 0.209722 0.246667
36 0.245833 0.465556 0.243056 0.077778
108 0.365278 0.160000 0.197222 0.264444
172 0.419444 0.263333 0.143056 0.264444
315 0.587500 0.225556 0.156944 0.260000
63 0.368056 0.651111 0.222222 0.422222
262 0.406944 0.256667 0.154167 0.128889
56 0.384722 0.475000 0.184722 0.103333