50 0.549306 0.341111 0.236111 0.066667
58 0.116667 0.123333 0.195833 0.095556
264 0.571875 0.491111 0.265972 0.211111
55 0.336458 0.467222 0.195139 0.105556
11 0.658333 0.315000 0.402778 0.130000
188 0.195833 0.518889 0.223611 0.277778
29 0.486458 0.263333 0.120139 0.048889
302 0.304861 0.270000 0.250000 0.253333
252 0.276389 0.403889 0.144444 0.181111
286 0.411806 0.441667 0.487500 0.167778
146 0.304514 0.136667 0.154861 0.164444
3 0.565972 0.231111 1.000000 0.066667
204 0.379514 0.246111 0.181250 0.265556
118 0.514931 0.470556 0.161806 0.230000
236 0.345833 0.314444 0.258333 0.204444
139 0.298264 0.287778 0.234028 0.168889
98 0.255903 0.478333 0.163194 0.221111
69 0.295139 0.565556 0.222222 0.422222
268 0.588194 0.562778 0.230556 0.238889
229 0.237500 0.157222 0.208333 0.150000