115 0.158681 0.436111 0.181250 0.227778
95 0.145486 0.370556 0.217361 0.183333
240 0.238194 0.217778 0.191667 0.213333
109 0.122917 0.312778 0.194444 0.165556
90 0.689583 0.465556 0.444444 0.444444
284 0.551042 0.111111 0.425694 0.155556
142 0.453472 0.168333 0.259722 0.192222
22 0.131944 0.434444 0.033333 0.053333
285 0.501736 0.480000 0.536806 0.188889
288 0.192014 0.386111 0.327083 0.132222
228 0.632986 0.125556 0.256250 0.197778
170 0.228819 0.154444 0.228472 0.255556
293 0.433681 0.130000 0.310417 0.108889
197 0.274653 0.287778 0.188194 0.173333
120 0.113194 0.221667 0.161111 0.227778
82 0.179861 0.240556 0.179167 0.145556
54 0.239236 0.236111 0.242361 0.072222
200 0.115972 0.277778 0.097222 0.048889
165 0.115625 0.226667 0.147917 0.188889