126 0.174653 0.136111 0.253472 0.198889
153 0.461111 0.401111 0.347222 0.388889
123 0.540278 0.446667 0.140278 0.228889
180 0.546875 0.236667 0.175694 0.255556
227 0.286111 0.462778 0.208333 0.236667
67 0.596528 0.410000 0.222222 0.422222
8 0.181944 0.547778 0.173611 0.555556
179 0.197222 0.502778 0.245833 0.256667
224 0.436458 0.386667 0.182639 0.195556
228 0.638889 0.222778 0.263889 0.176667
155 0.484722 0.506667 0.347222 0.388889
85 0.383681 0.165556 0.164583 0.226667
91 0.223611 0.295000 0.234722 0.190000
190 0.289931 0.343333 0.172917 0.191111
139 0.320486 0.276111 0.259028 0.156667
41 0.245139 0.333333 0.243056 0.077778
292 0.609375 0.207222 0.445139 0.192222
202 0.209375 0.475556 0.184028 0.184444
249 0.411111 0.217778 0.193056 0.248889