222 0.576042 0.438333 0.253472 0.245556
226 0.536111 0.207778 0.097222 0.048889
220 0.385069 0.496111 0.261806 0.136667
195 0.298611 0.220556 0.265278 0.196667
4 0.662847 0.314444 0.335417 0.091111
117 0.598264 0.392778 0.202083 0.232222
277 0.719444 0.412778 0.480556 0.116667
8 0.298611 0.564444 0.173611 0.555556
36 0.378472 0.402222 0.243056 0.077778
72 0.458681 0.343333 0.202083 0.277778
16 0.620139 0.277222 0.411111 0.178889
68 0.311806 0.367778 0.222222 0.422222
254 0.125694 0.270556 0.184722 0.205556
76 0.546528 0.176667 0.486111 0.266667
118 0.163194 0.487222 0.247222 0.205556
20 0.373611 0.400000 0.097222 0.048889
151 0.354167 0.143333 0.159722 0.226667
223 0.374653 0.122222 0.270139 0.180000
5 0.589236 0.155000 0.397917 0.076667
124 0.426042 0.393889 0.143750 0.241111
46 0.522222 0.263889 0.273611 0.067778
179 0.389931 0.236111 0.231250 0.252222
57 0.206250 0.125000 0.234722 0.074444
266 0.102778 0.174444 0.143056 0.115556