253 0.157639 0.105556 0.226389 0.144444
243 0.563194 0.331111 0.148611 0.233333
63 0.243056 0.377778 0.222222 0.422222
201 0.215278 0.141111 0.097222 0.048889
304 0.363542 0.286111 0.147917 0.212222
279 0.174653 0.475556 0.288194 0.220000
242 0.245486 0.250000 0.270139 0.146667
214 0.190972 0.502778 0.159722 0.210000
175 0.396528 0.394444 0.097222 0.048889
272 0.311111 0.250000 0.141667 0.257778
136 0.290278 0.383333 0.172222 0.126667
28 0.317361 0.482222 0.243056 0.077778
22 0.183333 0.395556 0.033333 0.053333
271 0.229167 0.467222 0.220833 0.194444
213 0.511458 0.526111 0.227083 0.205556
132 0.280903 0.272778 0.232639 0.218889
150 0.291667 0.493889 0.181944 0.152222
261 0.246875 0.318333 0.157639 0.252222
236 0.208333 0.459444 0.205556 0.114444
102 0.545139 0.468889 0.444444 0.444444
77 0.722917 0.354444 0.486111 0.266667
110 0.300694 0.515556 0.144444 0.182222
23 0.271528 0.118889 0.033333 0.053333
204 0.479167 0.426111 0.154167 0.258889