168 0.553472 0.248889 0.205556 0.240000
295 0.644792 0.122222 0.539583 0.075556
188 0.354167 0.453889 0.209722 0.185556
184 0.414236 0.201111 0.231250 0.206667
109 0.436111 0.346667 0.172222 0.166667
78 0.387153 0.276667 0.161806 0.173333
93 0.515625 0.280000 0.172917 0.215556
264 0.274306 0.570000 0.219444 0.268889
304 0.346528 0.283889 0.166667 0.116667
154 0.611806 0.363333 0.347222 0.388889
273 0.559722 0.183889 0.269444 0.254444
243 0.334028 0.242778 0.229167 0.254444
189 0.428472 0.396111 0.198611 0.236667
297 0.261806 0.165000 0.337500 0.130000
6 0.519792 0.203889 0.513194 0.118889
54 0.508681 0.245000 0.222917 0.072222
57 0.312500 0.477778 0.198611 0.102222
235 0.104861 0.343889 0.181944 0.163333
256 0.272569 0.177778 0.154861 0.217778
205 0.320833 0.268333 0.200000 0.121111
182 0.582986 0.210000 0.154861 0.260000
36 0.282639 0.154444 0.243056 0.077778
20 0.318750 0.112222 0.097222 0.048889
259 0.452431 0.133333 0.149306 0.128889
221 0.281944 0.322778 0.204167 0.241111