315 0.185764 0.517222 0.243750 0.198889
191 0.214931 0.162778 0.167361 0.263333
284 0.394792 0.461111 0.472917 0.193333
115 0.468056 0.203333 0.255556 0.120000
25 0.307639 0.268889 0.097222 0.048889
243 0.264236 0.536111 0.249306 0.190000
175 0.118750 0.115556 0.097222 0.048889
270 0.355556 0.152222 0.256944 0.242222
96 0.459722 0.483889 0.162500 0.221111
128 0.492361 0.381667 0.277778 0.134444
293 0.627083 0.331111 0.351389 0.180000
190 0.579167 0.312222 0.168056 0.122222
303 0.226736 0.151111 0.184028 0.166667
48 0.355556 0.476111 0.181944 0.067778
11 0.218403 0.260000 0.295139 0.160000