166 0.294097 0.276667 0.247917 0.213333
112 0.296181 0.182222 0.265972 0.153333
140 0.174306 0.310556 0.176389 0.172222
183 0.525000 0.280556 0.165278 0.192222
123 0.431944 0.542222 0.212500 0.246667
192 0.565625 0.378333 0.232639 0.261111
28 0.272917 0.330000 0.243056 0.077778
157 0.572917 0.560000 0.347222 0.388889
48 0.589583 0.321667 0.254167 0.096667
9 0.256944 0.324444 0.173611 0.555556
22 0.423611 0.372222 0.033333 0.053333
286 0.507639 0.374444 0.447222 0.195556
178 0.585417 0.399444 0.226389 0.216667
222 0.188194 0.139444 0.179167 0.161111
200 0.541667 0.414444 0.097222 0.048889
53 0.328125 0.466111 0.177083 0.070000
63 0.431944 0.437778 0.222222 0.422222