196 0.204861 0.133889 0.197222 0.185556
152 0.105208 0.218889 0.142361 0.137778
136 0.567014 0.361667 0.159028 0.170000
170 0.552778 0.282222 0.150000 0.273333
269 0.565625 0.441111 0.200694 0.271111
166 0.592014 0.153889 0.165972 0.250000
187 0.361806 0.442222 0.223611 0.171111
309 0.472917 0.416111 0.254167 0.127778
98 0.609722 0.102778 0.266667 0.158889
250 0.231944 0.141111 0.230556 0.148889
305 0.173611 0.253333 0.140278 0.131111
270 0.196528 0.156667 0.234722 0.186667
233 0.387153 0.368333 0.277083 0.221111
256 0.529861 0.167778 0.183333 0.273333
124 0.200694 0.354444 0.193056 0.240000
101 0.317708 0.167778 0.177083 0.155556
184 0.475347 0.440000 0.188194 0.186667
27 0.554861 0.176667 0.097222 0.048889
299 0.288194 0.243333 0.163889 0.177778