37 0.276389 0.120000 0.243056 0.077778
316 0.288889 0.263889 0.227778 0.232222
109 0.480556 0.342222 0.202778 0.195556
217 0.492014 0.240000 0.193750 0.146667
114 0.614236 0.491111 0.218750 0.240000
140 0.226389 0.396111 0.166667 0.123333
176 0.545486 0.124444 0.245139 0.135556
263 0.530903 0.198889 0.202083 0.113333
10 0.218403 0.429444 0.286806 0.161111
203 0.412847 0.281111 0.259028 0.277778
9 0.275000 0.370000 0.173611 0.555556
192 0.611806 0.277778 0.216667 0.126667
84 0.200347 0.213889 0.168750 0.127778
239 0.559028 0.457222 0.188889 0.261111