106 0.159375 0.556111 0.272917 0.234444
179 0.573611 0.201667 0.262500 0.118889
295 0.287153 0.425556 0.396528 0.071111
78 0.242361 0.266667 0.161111 0.233333
173 0.193056 0.440000 0.097222 0.048889
137 0.149653 0.130556 0.222917 0.167778
199 0.334722 0.295000 0.263889 0.190000
246 0.574306 0.224444 0.211111 0.193333
253 0.459028 0.158333 0.244444 0.210000
52 0.339583 0.200556 0.176389 0.107778
228 0.182986 0.390556 0.140972 0.218889
12 0.227431 0.441111 0.282639 0.162222
161 0.261806 0.513333 0.265278 0.202222
227 0.284028 0.167778 0.195833 0.120000