21 0.304861 0.154444 0.097222 0.048889
267 0.569097 0.328889 0.252083 0.175556
176 0.335069 0.361111 0.217361 0.126667
85 0.153819 0.307222 0.167361 0.163333
59 0.367708 0.245000 0.232639 0.076667
140 0.429861 0.472778 0.140278 0.225556
222 0.503125 0.231667 0.204861 0.134444
217 0.339931 0.276667 0.217361 0.151111
88 0.368056 0.270000 0.200000 0.271111
237 0.449306 0.215000 0.145833 0.265556
236 0.128819 0.445000 0.185417 0.218889
60 0.579861 0.210000 0.222222 0.100000
178 0.353819 0.316111 0.272917 0.258889
127 0.248611 0.242222 0.163889 0.273333
183 0.576736 0.413333 0.246528 0.264444