176 0.199653 0.336667 0.231250 0.275556
265 0.327778 0.260000 0.145833 0.175556
284 0.694097 0.483333 0.392361 0.213333
244 0.302431 0.311111 0.172917 0.126667
268 0.542014 0.415000 0.274306 0.181111
31 0.131250 0.148889 0.076389 0.040000
18 0.649306 0.380556 0.509722 0.085556
40 0.224306 0.327778 0.243056 0.077778
110 0.341667 0.377222 0.255556 0.201111
227 0.329167 0.497222 0.173611 0.118889
5 0.235069 0.361667 0.295139 0.112222
38 0.565972 0.126667 0.243056 0.077778
248 0.404514 0.140000 0.204861 0.120000
185 0.567708 0.139444 0.164583 0.145556
177 0.143056 0.163889 0.233333 0.187778
119 0.356597 0.147222 0.163194 0.187778