84 0.278819 0.446667 0.239583 0.242222
170 0.355556 0.140556 0.273611 0.218889
264 0.238194 0.185556 0.204167 0.122222
181 0.394097 0.470000 0.249306 0.193333
52 0.540278 0.135000 0.277778 0.090000
243 0.425347 0.208333 0.253472 0.185556
277 0.459375 0.339444 0.342361 0.145556
13 0.699653 0.475000 0.511806 0.205556
173 0.252083 0.175556 0.097222 0.048889
123 0.416667 0.453333 0.152778 0.206667
142 0.389583 0.347222 0.195833 0.165556
242 0.263542 0.226111 0.197917 0.114444
154 0.320833 0.453333 0.347222 0.388889
77 0.584722 0.485556 0.486111 0.266667
168 0.400000 0.362778 0.200000 0.245556
7 0.210417 0.365556 0.173611 0.555556
178 0.416667 0.319444 0.243056 0.261111
41 0.366667 0.172222 0.243056 0.077778
152 0.211458 0.519444 0.264583 0.254444
58 0.529514 0.440000 0.220139 0.073333
231 0.257986 0.098333 0.195139 0.141111
37 0.322222 0.240000 0.243056 0.077778
114 0.256250 0.270556 0.140278 0.201111
45 0.340278 0.216111 0.258333 0.101111
305 0.333333 0.513333 0.248611 0.211111