2 0.610417 0.332222 1.000000 0.066667
279 0.678819 0.505556 0.552083 0.148889
185 0.582292 0.346667 0.220139 0.244444
298 0.308681 0.413889 0.531250 0.123333
253 0.327431 0.205000 0.178472 0.121111
276 0.267014 0.151111 0.489583 0.208889
161 0.278819 0.316111 0.225694 0.132222
59 0.483333 0.372778 0.234722 0.090000
198 0.588194 0.416111 0.200000 0.165556
272 0.145486 0.420000 0.234028 0.133333
87 0.258333 0.527778 0.216667 0.197778
45 0.170139 0.464444 0.276389 0.088889
179 0.543403 0.360556 0.232639 0.190000
162 0.278125 0.151667 0.252083 0.116667
119 0.320486 0.484444 0.177083 0.257778