226 0.263889 0.164444 0.097222 0.048889
0 0.727083 0.453333 1.000000 0.066667
169 0.110417 0.580000 0.184722 0.275556
43 0.280556 0.463333 0.243056 0.077778
114 0.543056 0.451667 0.254167 0.243333
294 0.594097 0.272222 0.553472 0.171111
80 0.263194 0.411111 0.205556 0.153333
148 0.104514 0.299444 0.165972 0.218889
313 0.365972 0.507222 0.241667 0.225556
250 0.139931 0.499444 0.153472 0.276667
271 0.547917 0.530556 0.226389 0.225556
230 0.277778 0.310000 0.222222 0.422222
179 0.444097 0.326111 0.274306 0.223333
131 0.462153 0.377222 0.236806 0.134444
310 0.166319 0.292778 0.259028 0.156667
44 0.438194 0.251111 0.243056 0.077778
99 0.356944 0.285000 0.141667 0.227778
269 0.315625 0.448333 0.236806 0.258889
25 0.215278 0.062222 0.097222 0.048889
153 0.256250 0.585556 0.347222 0.388889
81 0.350347 0.185000 0.236806 0.214444