206 0.153472 0.236667 0.243056 0.077778
178 0.362847 0.302222 0.220139 0.271111
139 0.226389 0.473889 0.202778 0.136667
115 0.146181 0.517222 0.246528 0.205556
193 0.468056 0.230556 0.230556 0.243333
20 0.091667 0.444444 0.097222 0.048889
82 0.347569 0.324444 0.270139 0.155556
77 0.712500 0.381111 0.486111 0.266667
67 0.170139 0.332222 0.222222 0.422222
90 0.626389 0.576667 0.444444 0.444444
259 0.459375 0.178333 0.245139 0.245556
280 0.293750 0.352778 0.550000 0.185556
84 0.490625 0.141111 0.145139 0.204444
288 0.379861 0.198333 0.487500 0.154444
25 0.251389 0.062222 0.097222 0.048889
204 0.221875 0.487222 0.232639 0.118889
33 0.075694 0.065556 0.097222 0.048889
285 0.384028 0.153889 0.543056 0.163333
133 0.121528 0.485556 0.180556 0.122222
316 0.319792 0.364444 0.239583 0.120000
273 0.397222 0.327222 0.184722 0.210000
163 0.564583 0.436667 0.231944 0.184444
71 0.220833 0.378333 0.218056 0.116667
144 0.381250 0.316111 0.147222 0.225556