76 0.469444 0.565556 0.486111 0.266667
107 0.526736 0.465000 0.210417 0.132222
230 0.172917 0.636667 0.222222 0.422222
293 0.382292 0.295000 0.552083 0.103333
242 0.212847 0.178889 0.193750 0.175556
75 0.690278 0.203333 0.486111 0.266667
10 0.590625 0.416111 0.514583 0.092222
133 0.156944 0.390556 0.211111 0.158889
48 0.314931 0.156667 0.209028 0.075556
134 0.369097 0.127778 0.164583 0.124444
102 0.650694 0.502222 0.444444 0.444444
195 0.563194 0.258333 0.179167 0.183333
73 0.623611 0.356667 0.222222 0.191111