249 0.201736 0.182778 0.249306 0.167778
142 0.439236 0.233333 0.227083 0.184444
131 0.420486 0.436667 0.157639 0.262222
44 0.184722 0.106667 0.243056 0.077778
183 0.559375 0.518333 0.239583 0.210000
37 0.254861 0.158889 0.243056 0.077778
52 0.399653 0.245556 0.270139 0.073333
99 0.500000 0.402222 0.162500 0.133333
264 0.129514 0.545000 0.156250 0.207778
167 0.596528 0.551111 0.169444 0.233333
228 0.252431 0.347778 0.250694 0.237778
79 0.567361 0.390556 0.206944 0.207778
101 0.353472 0.257778 0.148611 0.242222
135 0.527778 0.278889 0.176389 0.164444
151 0.191319 0.377222 0.179861 0.245556
180 0.574306 0.447778 0.229167 0.160000
36 0.166667 0.448889 0.243056 0.077778
116 0.176389 0.273889 0.219444 0.276667
98 0.234375 0.410556 0.202083 0.236667
97 0.499306 0.381667 0.197222 0.218889