76 0.320139 0.382222 0.486111 0.266667
71 0.610417 0.267778 0.237500 0.237778
157 0.673611 0.272222 0.347222 0.388889
268 0.454167 0.308333 0.261111 0.187778
229 0.387500 0.201111 0.230556 0.231111
120 0.505556 0.165556 0.173611 0.137778
141 0.476042 0.241111 0.234028 0.124444
272 0.215278 0.151667 0.205556 0.221111
253 0.272222 0.426111 0.170833 0.190000
228 0.198611 0.301667 0.138889 0.245556
42 0.348611 0.451111 0.243056 0.077778
260 0.277778 0.520000 0.222222 0.224444
74 0.509722 0.187778 0.486111 0.266667
181 0.189931 0.182222 0.140972 0.206667