49 0.425694 0.476667 0.226389 0.108889
215 0.385069 0.468889 0.143750 0.151111
299 0.250347 0.162778 0.165972 0.250000
235 0.202431 0.499444 0.167361 0.216667
8 0.277083 0.341111 0.173611 0.555556
111 0.523958 0.524444 0.270139 0.246667
228 0.248958 0.382222 0.235417 0.157778
122 0.219792 0.441667 0.246528 0.114444
109 0.512153 0.218333 0.172917 0.214444
261 0.210764 0.403889 0.206250 0.163333
99 0.582292 0.392222 0.174306 0.142222
62 0.557639 0.406667 0.243056 0.077778
107 0.225347 0.402778 0.271528 0.194444
88 0.545833 0.391667 0.247222 0.241111
46 0.620833 0.325556 0.254167 0.066667
143 0.226042 0.496667 0.261806 0.273333
97 0.438542 0.467222 0.145139 0.123333
290 0.723958 0.391111 0.524306 0.215556
87 0.469097 0.245556 0.153472 0.277778
170 0.309028 0.386111 0.268056 0.172222