304 0.387500 0.290556 0.180556 0.232222
71 0.545833 0.212222 0.215278 0.268889
8 0.140972 0.395556 0.173611 0.555556
153 0.199306 0.218889 0.347222 0.388889
102 0.276389 0.436667 0.444444 0.444444
269 0.575694 0.254444 0.265278 0.220000
118 0.393403 0.201111 0.147917 0.211111
251 0.470139 0.343333 0.184722 0.217778
290 0.648264 0.262778 0.435417 0.161111
149 0.361111 0.414444 0.252778 0.404444
49 0.639931 0.263889 0.277083 0.098889
291 0.446528 0.344444 0.355556 0.077778
187 0.462153 0.364444 0.140972 0.237778
212 0.599653 0.417222 0.203472 0.172222
249 0.196181 0.373333 0.199306 0.193333
199 0.428125 0.398333 0.161806 0.187778
123 0.324653 0.182222 0.246528 0.273333
144 0.163889 0.268333 0.216667 0.210000
236 0.329167 0.190000 0.186111 0.175556
258 0.172222 0.254444 0.222222 0.144444