285 0.283681 0.131111 0.525694 0.182222
192 0.401042 0.143333 0.195139 0.148889
29 0.569444 0.091667 0.122222 0.047778
38 0.527778 0.443333 0.243056 0.077778
289 0.564583 0.120000 0.295833 0.068889
271 0.485069 0.420000 0.217361 0.173333
316 0.467361 0.279444 0.168056 0.214444
11 0.482986 0.455000 0.306250 0.165556
295 0.499306 0.337778 0.490278 0.211111
123 0.233681 0.531111 0.259028 0.211111
156 0.329167 0.345556 0.347222 0.388889
65 0.504861 0.275556 0.222222 0.422222
313 0.407292 0.399444 0.252083 0.121111
187 0.554514 0.526667 0.218750 0.251111
32 0.326736 0.357778 0.077083 0.042222
76 0.566667 0.322222 0.486111 0.266667
185 0.382986 0.168333 0.171528 0.258889
199 0.513889 0.545000 0.161111 0.238889
42 0.375000 0.230000 0.243056 0.077778
300 0.627778 0.535556 0.486111 0.266667