123 0.470486 0.381667 0.210417 0.147778
107 0.600694 0.390000 0.205556 0.195556
109 0.430208 0.405000 0.213194 0.203333
85 0.593750 0.278333 0.231944 0.134444
261 0.554167 0.270556 0.191667 0.192222
149 0.182639 0.507778 0.252778 0.404444
55 0.214583 0.145000 0.195833 0.070000
19 0.145139 0.314444 0.097222 0.048889
258 0.230903 0.380000 0.249306 0.240000
192 0.153472 0.388889 0.250000 0.111111
48 0.574653 0.481111 0.217361 0.108889
116 0.477083 0.494444 0.197222 0.137778
267 0.495833 0.367222 0.197222 0.170000
40 0.452083 0.391111 0.243056 0.077778
13 0.677083 0.197222 0.530556 0.136667
233 0.168056 0.190556 0.275000 0.174444
242 0.534375 0.382222 0.199306 0.217778
230 0.561111 0.624444 0.222222 0.422222