212 0.579514 0.165000 0.263194 0.196667
36 0.192361 0.228889 0.243056 0.077778
309 0.442708 0.320556 0.254861 0.212222
260 0.112500 0.313333 0.152778 0.175556
76 0.408333 0.501111 0.486111 0.266667
162 0.519444 0.281111 0.197222 0.126667
141 0.232639 0.432222 0.170833 0.220000
67 0.396528 0.265556 0.222222 0.422222
80 0.274653 0.469444 0.185417 0.243333
215 0.132639 0.370556 0.211111 0.254444
99 0.250000 0.541667 0.169444 0.256667
249 0.263889 0.540556 0.163889 0.274444
85 0.383333 0.444444 0.247222 0.262222
204 0.156250 0.336667 0.205556 0.133333
128 0.282986 0.457222 0.213194 0.132222
7 0.384722 0.667778 0.173611 0.555556
123 0.501736 0.332222 0.250694 0.222222
274 0.161458 0.200000 0.143750 0.255556
282 0.570833 0.438333 0.501389 0.150000