207 0.532639 0.341111 0.222222 0.422222
47 0.226389 0.136667 0.215278 0.104444
177 0.112153 0.435000 0.196528 0.185556
102 0.475000 0.630000 0.444444 0.444444
272 0.399653 0.459444 0.250694 0.154444
25 0.240278 0.218889 0.097222 0.048889
193 0.556250 0.252778 0.231944 0.214444
130 0.274653 0.405556 0.174306 0.244444
98 0.567708 0.283889 0.228472 0.112222
229 0.593403 0.480000 0.271528 0.233333
54 0.248611 0.148333 0.187500 0.067778
60 0.457639 0.163889 0.254167 0.076667
129 0.239931 0.205000 0.245139 0.214444
192 0.434028 0.256667 0.205556 0.180000
235 0.121528 0.370556 0.180556 0.247778
18 0.251042 0.176667 0.400694 0.077778
297 0.306250 0.437778 0.504167 0.122222
113 0.237500 0.277222 0.226389 0.141111
270 0.351736 0.235000 0.152083 0.272222
140 0.300000 0.133333 0.237500 0.133333