175 0.231944 0.424444 0.097222 0.048889
115 0.169792 0.552222 0.178472 0.220000
243 0.592708 0.195000 0.275694 0.241111
143 0.250000 0.373333 0.191667 0.120000
76 0.676389 0.155556 0.486111 0.266667
29 0.283681 0.317778 0.099306 0.044444
2 0.690972 0.174444 1.000000 0.066667
173 0.109028 0.093333 0.097222 0.048889
110 0.471528 0.463333 0.177778 0.155556
254 0.355903 0.163889 0.217361 0.176667
279 0.406597 0.255556 0.522917 0.066667
176 0.126389 0.277222 0.223611 0.154444
16 0.382639 0.244444 0.408333 0.073333
141 0.582639 0.467222 0.215278 0.263333
106 0.272569 0.427222 0.224306 0.267778
240 0.436111 0.205000 0.259722 0.198889
182 0.086458 0.192778 0.139583 0.147778
237 0.583681 0.350556 0.209028 0.267778
266 0.263889 0.311667 0.265278 0.136667
67 0.272222 0.538889 0.222222 0.422222
311 0.130556 0.202778 0.194444 0.234444