289 0.569444 0.435000 0.381944 0.132222
55 0.381250 0.106667 0.212500 0.068889
67 0.611111 0.583333 0.222222 0.422222
4 0.362500 0.156111 0.383333 0.067778
47 0.289583 0.138889 0.213889 0.102222
111 0.218403 0.385556 0.242361 0.146667
187 0.593403 0.360556 0.242361 0.263333
22 0.051389 0.353333 0.033333 0.053333
306 0.511111 0.382778 0.240278 0.125556
203 0.324306 0.243333 0.272222 0.237778
224 0.377083 0.362222 0.270833 0.168889
222 0.623264 0.185556 0.264583 0.168889
229 0.531250 0.139444 0.262500 0.116667
11 0.550694 0.186111 0.283333 0.216667
65 0.358333 0.375556 0.222222 0.422222
191 0.101042 0.433889 0.163194 0.272222
153 0.454861 0.564444 0.347222 0.388889
246 0.185069 0.445556 0.150694 0.222222
79 0.257986 0.207222 0.186806 0.250000
161 0.385417 0.433333 0.273611 0.226667
232 0.370833 0.255556 0.161111 0.160000
287 0.425000 0.160000 0.544444 0.106667