5 0.333681 0.440556 0.346528 0.150000
147 0.291667 0.428889 0.334722 0.535556
15 0.340972 0.284444 0.097222 0.048889
65 0.445139 0.566667 0.222222 0.422222
157 0.429861 0.432222 0.347222 0.388889
201 0.193750 0.151111 0.097222 0.048889
87 0.351042 0.189444 0.145139 0.232222
186 0.235764 0.504444 0.260417 0.137778
213 0.298958 0.387778 0.140972 0.235556
131 0.254167 0.423889 0.275000 0.174444
263 0.556944 0.344444 0.230556 0.251111
152 0.222222 0.235000 0.159722 0.230000
10 0.457292 0.088333 0.507639 0.098889
9 0.222917 0.505556 0.173611 0.555556
286 0.495833 0.436111 0.375000 0.190000