21 0.458333 0.446667 0.097222 0.048889
80 0.380556 0.241111 0.159722 0.268889
20 0.415972 0.282222 0.097222 0.048889
162 0.592708 0.397778 0.185417 0.215556
149 0.368056 0.401111 0.252778 0.404444
205 0.471875 0.247778 0.156250 0.188889
233 0.194792 0.353889 0.178472 0.236667
135 0.276389 0.293889 0.269444 0.118889
157 0.239583 0.610000 0.347222 0.388889
160 0.466667 0.253333 0.270833 0.168889
249 0.387847 0.458333 0.253472 0.247778
296 0.596528 0.300000 0.375000 0.140000
54 0.274306 0.327778 0.231944 0.088889
184 0.440972 0.398889 0.265278 0.120000
165 0.577083 0.162778 0.147222 0.216667
123 0.571528 0.137222 0.276389 0.136667
303 0.410417 0.226111 0.270833 0.261111
179 0.416667 0.245556 0.161111 0.193333
182 0.125694 0.191667 0.161111 0.176667
279 0.489583 0.421667 0.548611 0.085556
170 0.169444 0.192778 0.252778 0.203333
187 0.445486 0.197778 0.277083 0.208889