85 0.374306 0.213889 0.187500 0.125556
195 0.492014 0.212778 0.199306 0.170000
83 0.418403 0.242222 0.274306 0.173333
158 0.281944 0.375556 0.347222 0.388889
135 0.394097 0.392222 0.257639 0.248889
79 0.420139 0.288889 0.243056 0.202222
73 0.465972 0.247778 0.238889 0.215556
21 0.099306 0.333333 0.097222 0.048889
129 0.187500 0.204444 0.141667 0.173333
65 0.458333 0.302222 0.222222 0.422222
140 0.476389 0.138889 0.208333 0.131111
241 0.239583 0.394444 0.255556 0.126667
170 0.384375 0.383333 0.221528 0.266667
14 0.562500 0.486667 0.388889 0.122222
27 0.063194 0.264444 0.097222 0.048889
138 0.368056 0.463333 0.138889 0.148889
173 0.263194 0.380000 0.097222 0.048889
150 0.533333 0.316111 0.261111 0.170000
107 0.245833 0.191111 0.162500 0.200000