80 0.538889 0.538333 0.156944 0.270000
297 0.285417 0.520556 0.298611 0.194444
283 0.405556 0.081667 0.501389 0.078889
305 0.255556 0.538889 0.230556 0.224444
86 0.184028 0.248333 0.172222 0.236667
130 0.539583 0.455556 0.208333 0.217778
70 0.522917 0.165000 0.156944 0.241111
141 0.271875 0.371667 0.154861 0.158889
150 0.629514 0.426667 0.253472 0.222222
313 0.419792 0.207778 0.172917 0.240000
229 0.540972 0.331111 0.234722 0.177778
218 0.174306 0.398333 0.205556 0.243333
53 0.406250 0.091667 0.276389 0.110000
5 0.301736 0.071111 0.553472 0.077778
118 0.245486 0.162222 0.140972 0.217778
298 0.417014 0.142222 0.452083 0.084444
97 0.400694 0.214444 0.212500 0.166667
289 0.310417 0.136667 0.316667 0.213333
263 0.566319 0.513333 0.261806 0.175556
284 0.380556 0.534444 0.555556 0.195556
300 0.311806 0.435556 0.486111 0.266667
225 0.417361 0.204444 0.097222 0.048889
304 0.580556 0.148889 0.154167 0.240000
245 0.249653 0.337778 0.150694 0.253333
293 0.616319 0.316111 0.453472 0.090000