193 0.299653 0.305556 0.153472 0.142222
58 0.570833 0.407222 0.220833 0.072222
231 0.475694 0.205556 0.270833 0.213333
238 0.360764 0.322222 0.254861 0.164444
61 0.146528 0.445000 0.252778 0.110000
70 0.165972 0.222222 0.261111 0.255556
90 0.693750 0.588889 0.444444 0.444444
211 0.543750 0.530556 0.266667 0.261111
310 0.178125 0.235556 0.274306 0.266667
174 0.168750 0.256667 0.097222 0.048889
50 0.606944 0.473333 0.258333 0.084444
253 0.538542 0.187222 0.188194 0.172222
311 0.409722 0.266667 0.195833 0.182222
222 0.461806 0.210556 0.184722 0.118889
89 0.370833 0.200000 0.200000 0.135556
191 0.215625 0.210556 0.231250 0.170000
236 0.226736 0.157222 0.253472 0.265556
181 0.318056 0.306667 0.162500 0.160000
254 0.474306 0.212778 0.250000 0.123333
226 0.417361 0.186667 0.097222 0.048889
200 0.459028 0.345556 0.097222 0.048889
131 0.473958 0.392778 0.231250 0.210000