183 0.435069 0.262222 0.150694 0.213333
15 0.078472 0.152222 0.097222 0.048889
283 0.371528 0.503889 0.405556 0.172222
28 0.449306 0.083333 0.243056 0.077778
157 0.361806 0.574444 0.347222 0.388889
82 0.384375 0.261111 0.224306 0.164444
258 0.198958 0.161111 0.164583 0.155556
42 0.566667 0.133333 0.243056 0.077778
302 0.288194 0.492222 0.138889 0.262222
64 0.546528 0.320000 0.222222 0.422222
127 0.282292 0.328889 0.143750 0.217778
298 0.440625 0.242778 0.390972 0.178889
77 0.390972 0.320000 0.486111 0.266667
52 0.414931 0.472222 0.190972 0.084444
164 0.209722 0.246667 0.243056 0.133333
182 0.142708 0.282778 0.199306 0.216667
54 0.341667 0.207222 0.251389 0.083333
72 0.477083 0.156111 0.277778 0.227778