56 0.421528 0.155000 0.215278 0.094444
309 0.579861 0.439444 0.195833 0.230000
207 0.515278 0.246667 0.222222 0.422222
155 0.397917 0.491111 0.347222 0.388889
202 0.252083 0.366667 0.244444 0.142222
300 0.645139 0.330000 0.486111 0.266667
28 0.403472 0.070000 0.243056 0.077778
37 0.329861 0.417778 0.243056 0.077778
55 0.138542 0.269444 0.239583 0.087778
3 0.584722 0.084444 1.000000 0.066667
16 0.600694 0.400556 0.511111 0.221111
261 0.169444 0.338333 0.225000 0.210000
138 0.378472 0.206111 0.190278 0.147778
5 0.479861 0.172222 0.479167 0.071111
142 0.386806 0.328333 0.245833 0.252222
247 0.227083 0.323889 0.212500 0.221111
187 0.143056 0.387222 0.162500 0.114444
48 0.602778 0.222778 0.226389 0.078889