156 0.576389 0.355556 0.347222 0.388889
106 0.122569 0.340000 0.200694 0.244444
239 0.190972 0.200556 0.169444 0.198889
307 0.503125 0.481667 0.254861 0.241111
60 0.329167 0.215556 0.233333 0.084444
48 0.137500 0.322778 0.187500 0.110000
39 0.438889 0.372222 0.243056 0.077778
207 0.440278 0.528889 0.222222 0.422222
73 0.572917 0.232222 0.263889 0.162222
213 0.306944 0.408333 0.195833 0.196667
179 0.149306 0.388889 0.227778 0.135556
176 0.342361 0.298889 0.147222 0.115556
89 0.216319 0.476111 0.190972 0.272222
35 0.312500 0.116667 0.097222 0.048889
155 0.263194 0.251111 0.347222 0.388889
29 0.502431 0.068889 0.120139 0.042222
110 0.403472 0.487778 0.258333 0.146667
278 0.416319 0.468889 0.372917 0.173333