7 0.554861 0.692222 0.173611 0.555556
163 0.587847 0.280000 0.200694 0.151111
15 0.234028 0.135556 0.097222 0.048889
262 0.514583 0.516667 0.268056 0.266667
4 0.684028 0.301667 0.380556 0.154444
63 0.544444 0.655556 0.222222 0.422222
66 0.184028 0.261111 0.222222 0.422222
24 0.452083 0.280000 0.097222 0.048889
82 0.209375 0.310556 0.215972 0.170000
196 0.564931 0.502778 0.153472 0.143333
298 0.594444 0.346667 0.291667 0.066667
306 0.479861 0.322222 0.155556 0.157778
287 0.679514 0.361111 0.447917 0.071111
137 0.390972 0.529444 0.226389 0.170000
23 0.343750 0.102222 0.033333 0.053333
121 0.146528 0.307778 0.186111 0.175556
81 0.495833 0.292222 0.211111 0.273333
55 0.508333 0.372222 0.204167 0.075556
107 0.163194 0.390000 0.231944 0.242222
205 0.548958 0.208889 0.271528 0.126667
309 0.400000 0.388333 0.238889 0.183333
18 0.643403 0.201111 0.502083 0.104444