205 0.538542 0.323889 0.186806 0.241111
146 0.545833 0.330556 0.261111 0.252222
114 0.584722 0.435000 0.234722 0.176667
81 0.250694 0.226111 0.152778 0.227778
69 0.150694 0.508889 0.222222 0.422222
65 0.154861 0.507778 0.222222 0.422222
102 0.661806 0.548889 0.444444 0.444444
173 0.272222 0.357778 0.097222 0.048889
280 0.217361 0.456111 0.380556 0.170000
216 0.568403 0.384444 0.256250 0.204444
229 0.144097 0.312222 0.153472 0.142222
163 0.194097 0.255000 0.246528 0.123333
215 0.546875 0.104444 0.225694 0.140000
292 0.449653 0.204444 0.520139 0.171111
210 0.576736 0.490556 0.170139 0.236667
251 0.421528 0.235000 0.220833 0.141111
154 0.371528 0.417778 0.347222 0.388889