48 0.330903 0.375000 0.193750 0.074444
58 0.156250 0.308333 0.173611 0.085556
8 0.293056 0.696667 0.173611 0.555556
172 0.168403 0.330556 0.179861 0.210000
149 0.180556 0.635556 0.252778 0.404444
263 0.488889 0.221111 0.270833 0.184444
41 0.402778 0.105556 0.243056 0.077778
131 0.636806 0.321667 0.259722 0.230000
239 0.357639 0.355000 0.188889 0.241111
30 0.471181 0.461111 0.110417 0.048889
280 0.527431 0.201111 0.500694 0.220000
51 0.487153 0.321667 0.181250 0.098889
251 0.630208 0.512222 0.264583 0.173333
160 0.255903 0.135556 0.272917 0.128889
65 0.584722 0.295556 0.222222 0.422222
177 0.220139 0.288333 0.270833 0.230000
163 0.241667 0.354444 0.261111 0.240000
84 0.491319 0.305000 0.256250 0.174444
303 0.379167 0.142778 0.193056 0.192222
75 0.488194 0.478889 0.486111 0.266667