214 0.557292 0.223333 0.228472 0.120000
257 0.405903 0.431111 0.146528 0.257778
14 0.638542 0.264444 0.296528 0.106667
118 0.510069 0.325556 0.184028 0.253333
0 0.868750 0.112222 1.000000 0.066667
107 0.551389 0.493889 0.193056 0.232222
306 0.589931 0.258333 0.186806 0.150000
102 0.663889 0.544444 0.444444 0.444444
164 0.223264 0.378889 0.265972 0.151111
272 0.488889 0.480556 0.277778 0.276667
126 0.362847 0.227222 0.165972 0.221111
187 0.461806 0.331667 0.170833 0.234444
251 0.284375 0.312778 0.245139 0.145556
211 0.486111 0.509444 0.261111 0.256667
150 0.471875 0.381667 0.250694 0.143333
81 0.148958 0.181111 0.189583 0.217778
119 0.541667 0.423889 0.269444 0.252222
92 0.175694 0.179444 0.222222 0.165556
148 0.346875 0.356111 0.256250 0.181111
190 0.436111 0.145000 0.277778 0.125556
116 0.272569 0.262778 0.231250 0.118889