182 0.311806 0.292222 0.163889 0.215556
275 0.355208 0.125000 0.363194 0.096667
315 0.379167 0.460556 0.180556 0.230000
83 0.393056 0.287778 0.256944 0.144444
195 0.507639 0.172222 0.277778 0.226667
204 0.504167 0.418889 0.223611 0.266667
255 0.352431 0.307778 0.182639 0.213333
302 0.206597 0.492778 0.271528 0.252222
282 0.395833 0.100000 0.380556 0.066667
0 0.972222 0.362222 1.000000 0.066667
94 0.392014 0.201667 0.240972 0.165556
306 0.562500 0.413889 0.197222 0.187778
77 0.320139 0.214444 0.486111 0.266667
272 0.555903 0.391667 0.153472 0.241111
56 0.601042 0.421111 0.179861 0.091111
55 0.448611 0.122778 0.234722 0.087778
81 0.260764 0.322222 0.171528 0.233333
314 0.533333 0.136111 0.186111 0.187778
82 0.231250 0.149444 0.237500 0.114444
61 0.160417 0.123333 0.261111 0.102222