82 0.140972 0.536111 0.212500 0.192222
204 0.272222 0.205000 0.152778 0.230000
306 0.203819 0.309444 0.203472 0.270000
207 0.158333 0.571111 0.222222 0.422222
216 0.145486 0.108333 0.189583 0.150000
220 0.450694 0.505000 0.168056 0.121111
253 0.156597 0.491667 0.250694 0.225556
163 0.534375 0.278333 0.145139 0.145556
18 0.716667 0.129444 0.415278 0.112222
33 0.249306 0.092222 0.097222 0.048889
44 0.542361 0.391111 0.243056 0.077778
218 0.119097 0.147778 0.206250 0.162222
279 0.550347 0.492778 0.482639 0.178889
175 0.504167 0.340000 0.097222 0.048889
265 0.211458 0.218333 0.207639 0.196667
287 0.442708 0.228333 0.403472 0.083333
27 0.356944 0.214444 0.097222 0.048889