111 0.303819 0.330000 0.257639 0.124444
279 0.615278 0.417222 0.365278 0.067778
79 0.446181 0.257222 0.268750 0.147778
129 0.394097 0.471111 0.168750 0.120000
251 0.460069 0.488889 0.182639 0.188889
31 0.393750 0.053889 0.095833 0.050000
307 0.352431 0.252222 0.265972 0.148889
108 0.428472 0.408333 0.243056 0.154444
316 0.487153 0.222778 0.143750 0.121111
126 0.306597 0.217222 0.167361 0.114444
42 0.611806 0.275556 0.243056 0.077778
77 0.597917 0.254444 0.486111 0.266667
158 0.576389 0.332222 0.347222 0.388889
8 0.316667 0.607778 0.173611 0.555556
74 0.417361 0.375556 0.486111 0.266667
199 0.393750 0.374444 0.165278 0.268889
268 0.604861 0.260556 0.226389 0.114444
136 0.496181 0.458333 0.231250 0.125556
160 0.138194 0.541111 0.177778 0.277778
127 0.425000 0.164444 0.241667 0.255556