148 0.536111 0.495000 0.152778 0.247778
126 0.141319 0.516111 0.213194 0.247778
28 0.365972 0.477778 0.243056 0.077778
202 0.348958 0.171111 0.221528 0.202222
314 0.509375 0.153889 0.186806 0.156667
158 0.600694 0.546667 0.347222 0.388889
74 0.308333 0.397778 0.486111 0.266667
186 0.243750 0.277778 0.180556 0.133333
140 0.177778 0.151667 0.158333 0.216667
232 0.135417 0.185556 0.177778 0.244444
205 0.517014 0.219444 0.185417 0.125556
63 0.144444 0.576667 0.222222 0.422222
64 0.461806 0.353333 0.222222 0.422222
299 0.190278 0.167222 0.151389 0.172222
156 0.281250 0.440000 0.347222 0.388889
245 0.254514 0.328333 0.171528 0.223333
119 0.402431 0.494444 0.261806 0.188889