302 0.295833 0.512778 0.172222 0.163333
94 0.264236 0.297778 0.239583 0.168889
99 0.397222 0.192778 0.263889 0.114444
308 0.181250 0.287222 0.172222 0.234444
16 0.625694 0.357778 0.512500 0.222222
314 0.315278 0.464444 0.154167 0.193333
43 0.507639 0.090000 0.243056 0.077778
57 0.136111 0.340556 0.173611 0.090000
20 0.338194 0.445556 0.097222 0.048889
280 0.633681 0.182778 0.360417 0.112222
301 0.470139 0.224444 0.197222 0.277778
12 0.642708 0.523333 0.345139 0.182222
150 0.546528 0.280000 0.144444 0.184444
129 0.583333 0.481111 0.234722 0.113333
4 0.210764 0.395000 0.374306 0.178889