91 0.181250 0.231667 0.254167 0.190000
130 0.584375 0.462778 0.149306 0.218889
74 0.433333 0.175556 0.486111 0.266667
133 0.110417 0.175000 0.188889 0.123333
214 0.247569 0.131111 0.261806 0.202222
305 0.138889 0.425556 0.250000 0.275556
71 0.277083 0.267222 0.187500 0.274444
227 0.100347 0.541111 0.143750 0.253333
300 0.393056 0.253333 0.486111 0.266667
155 0.256250 0.548889 0.347222 0.388889
169 0.439236 0.515556 0.277083 0.226667
3 0.758333 0.215556 1.000000 0.066667
181 0.300000 0.323889 0.140278 0.261111
11 0.707639 0.188889 0.415278 0.104444
163 0.636111 0.206667 0.270833 0.237778
12 0.361111 0.126111 0.308333 0.076667
8 0.558333 0.483333 0.173611 0.555556
143 0.496181 0.372222 0.265972 0.235556
225 0.449306 0.368889 0.097222 0.048889
77 0.431944 0.377778 0.486111 0.266667
229 0.262847 0.215000 0.140972 0.212222
251 0.432986 0.241111 0.175694 0.228889