113 0.393403 0.450000 0.182639 0.155556
146 0.312500 0.161667 0.169444 0.196667
262 0.215972 0.148333 0.261111 0.225556
3 0.900000 0.122222 1.000000 0.066667
94 0.136458 0.468889 0.143750 0.133333
165 0.565972 0.342222 0.248611 0.160000
65 0.315278 0.504444 0.222222 0.422222
172 0.630903 0.260556 0.259028 0.143333
83 0.434028 0.350556 0.211111 0.232222
248 0.509722 0.170556 0.263889 0.194444
230 0.132639 0.543333 0.222222 0.422222
267 0.247222 0.367778 0.176389 0.128889
218 0.202778 0.360556 0.275000 0.243333
137 0.254167 0.185556 0.190278 0.140000
277 0.537500 0.256667 0.406944 0.217778
107 0.499306 0.274444 0.165278 0.188889
256 0.177083 0.201667 0.266667 0.190000
40 0.329861 0.405556 0.243056 0.077778
176 0.180556 0.338889 0.205556 0.137778
0 0.809722 0.304444 1.000000 0.066667
107 0.473264 0.225000 0.197917 0.152222