196 0.273958 0.120000 0.146528 0.164444
96 0.438542 0.472778 0.190972 0.176667
102 0.651389 0.252222 0.444444 0.444444
205 0.477431 0.261667 0.171528 0.205556
162 0.185417 0.582778 0.187500 0.276667
147 0.506944 0.361111 0.334722 0.535556
67 0.165972 0.266667 0.222222 0.422222
288 0.557986 0.134444 0.429861 0.202222
0 0.972917 0.271111 1.000000 0.066667
107 0.556597 0.343333 0.232639 0.244444
293 0.363194 0.451667 0.493056 0.145556
314 0.534028 0.358889 0.150000 0.120000
86 0.584722 0.372778 0.173611 0.134444
316 0.528472 0.172778 0.206944 0.134444
21 0.562500 0.123333 0.097222 0.048889
137 0.339583 0.300556 0.179167 0.225556
217 0.327083 0.461667 0.231944 0.163333
19 0.487500 0.234444 0.097222 0.048889
36 0.309028 0.433333 0.243056 0.077778
279 0.507639 0.461667 0.404167 0.141111
219 0.218056 0.461111 0.097222 0.048889
121 0.449306 0.491111 0.141667 0.168889
231 0.387847 0.383333 0.190972 0.248889
37 0.216667 0.281111 0.243056 0.077778
34 0.520833 0.306667 0.097222 0.048889