220 0.357986 0.560000 0.254861 0.244444
198 0.145833 0.328889 0.159722 0.231111
43 0.518056 0.333333 0.243056 0.077778
178 0.507639 0.495556 0.201389 0.222222
67 0.359028 0.274444 0.222222 0.422222
59 0.478472 0.093333 0.261111 0.104444
107 0.338194 0.284444 0.241667 0.155556
131 0.592014 0.440556 0.224306 0.270000
4 0.448264 0.377778 0.502083 0.220000
233 0.450347 0.318333 0.163194 0.150000
34 0.082639 0.397778 0.097222 0.048889
204 0.452083 0.411667 0.176389 0.234444
207 0.168750 0.268889 0.222222 0.422222