16 0.581597 0.380556 0.356250 0.187778
176 0.153472 0.440556 0.258333 0.114444
143 0.247569 0.173333 0.257639 0.253333
267 0.184375 0.263889 0.210417 0.158889
268 0.181944 0.570556 0.162500 0.261111
78 0.193750 0.505000 0.177778 0.143333
293 0.447917 0.305000 0.388889 0.107778
244 0.203125 0.446111 0.275694 0.154444
64 0.517361 0.336667 0.222222 0.422222
101 0.305903 0.393333 0.165972 0.191111
307 0.187153 0.324444 0.200694 0.137778
0 0.953472 0.260000 1.000000 0.066667
113 0.184722 0.515556 0.195833 0.173333
77 0.667361 0.218889 0.486111 0.266667
155 0.252778 0.421111 0.347222 0.388889
150 0.203472 0.239444 0.258333 0.178889
235 0.406944 0.156667 0.140278 0.224444
218 0.180903 0.539444 0.163194 0.245556
266 0.131250 0.183889 0.143056 0.143333
159 0.584375 0.382222 0.160417 0.266667
90 0.276389 0.620000 0.444444 0.444444
2 0.809722 0.174444 1.000000 0.066667
298 0.387500 0.385000 0.348611 0.174444
122 0.155208 0.270000 0.189583 0.235556
301 0.230903 0.503333 0.218750 0.251111
107 0.215278 0.555000 0.240278 0.258889