147 0.555556 0.493333 0.334722 0.535556
130 0.352431 0.198333 0.200694 0.207778
165 0.206944 0.317222 0.195833 0.118889
227 0.460417 0.188889 0.262500 0.182222
80 0.615278 0.383333 0.255556 0.246667
306 0.254167 0.148889 0.181944 0.131111
231 0.556597 0.525556 0.199306 0.244444
206 0.172222 0.114444 0.243056 0.077778
112 0.309028 0.389444 0.154167 0.267778
75 0.277083 0.177778 0.486111 0.266667
148 0.530208 0.387778 0.256250 0.204444
5 0.629861 0.124444 0.501389 0.148889
74 0.582639 0.554444 0.486111 0.266667
143 0.344792 0.226111 0.145139 0.178889
116 0.436111 0.181111 0.226389 0.208889
85 0.484722 0.289444 0.251389 0.152222
0 0.763889 0.134444 1.000000 0.066667
235 0.344444 0.404444 0.266667 0.177778
264 0.559722 0.340000 0.155556 0.115556
43 0.520139 0.194444 0.243056 0.077778