314 0.219097 0.237778 0.159028 0.208889
296 0.500347 0.396111 0.539583 0.181111
138 0.350347 0.257222 0.238194 0.134444
130 0.546528 0.365556 0.140278 0.266667
298 0.239236 0.151667 0.278472 0.161111
283 0.467708 0.237222 0.292361 0.163333
242 0.515972 0.461667 0.223611 0.198889
152 0.363194 0.395000 0.163889 0.254444
183 0.606944 0.393333 0.243056 0.126667
239 0.181944 0.134444 0.161111 0.133333
230 0.440278 0.270000 0.222222 0.422222
141 0.599653 0.177778 0.257639 0.115556
37 0.266667 0.128889 0.243056 0.077778
69 0.518056 0.590000 0.222222 0.422222
219 0.085417 0.321111 0.097222 0.048889
51 0.385417 0.101111 0.247222 0.071111
207 0.365972 0.490000 0.222222 0.422222
116 0.138889 0.153333 0.175000 0.217778
199 0.578819 0.511111 0.272917 0.142222
94 0.501736 0.339444 0.275694 0.236667
151 0.186111 0.234444 0.184722 0.215556
126 0.308681 0.250556 0.154861 0.203333
77 0.431250 0.466667 0.486111 0.266667
189 0.310069 0.123333 0.224306 0.133333