113 0.488889 0.457778 0.227778 0.175556
41 0.501389 0.133333 0.243056 0.077778
101 0.174653 0.197778 0.196528 0.137778
118 0.300347 0.249444 0.146528 0.196667
278 0.300000 0.214444 0.454167 0.208889
276 0.596181 0.395556 0.534028 0.133333
22 0.338194 0.165556 0.033333 0.053333
274 0.375000 0.194444 0.152778 0.177778
192 0.329861 0.463333 0.229167 0.237778
114 0.499653 0.482222 0.189583 0.182222
110 0.467361 0.317222 0.198611 0.156667
239 0.228819 0.097778 0.193750 0.135556
137 0.300347 0.331667 0.275694 0.165556
0 0.845833 0.466667 1.000000 0.066667
20 0.424306 0.447778 0.097222 0.048889
261 0.257639 0.402778 0.241667 0.154444
168 0.339931 0.231667 0.168750 0.183333
227 0.150347 0.467778 0.152083 0.268889
147 0.645833 0.297778 0.334722 0.535556
92 0.247222 0.532778 0.226389 0.263333
47 0.618750 0.093889 0.241667 0.081111
122 0.589931 0.307222 0.254861 0.187778
223 0.350000 0.198889 0.172222 0.128889
107 0.447222 0.297222 0.148611 0.205556
127 0.344097 0.345000 0.182639 0.156667