291 0.541667 0.410556 0.286111 0.123333
76 0.447917 0.531111 0.486111 0.266667
31 0.399306 0.112222 0.070833 0.048889
181 0.398958 0.450556 0.150694 0.223333
182 0.347222 0.210556 0.215278 0.167778
45 0.558333 0.478333 0.234722 0.092222
274 0.171181 0.542778 0.149306 0.214444
164 0.152083 0.551111 0.234722 0.226667
255 0.484722 0.431111 0.219444 0.255556
259 0.607639 0.126111 0.204167 0.134444
23 0.422222 0.111111 0.033333 0.053333
303 0.130556 0.417222 0.194444 0.163333
312 0.220833 0.237222 0.244444 0.263333
86 0.280903 0.198889 0.200694 0.117778
299 0.560069 0.146667 0.142361 0.128889
242 0.164931 0.200000 0.270139 0.246667
245 0.250694 0.490556 0.261111 0.221111