39 0.221528 0.420000 0.243056 0.077778
83 0.400694 0.415556 0.266667 0.160000
48 0.354167 0.277222 0.247222 0.101111
199 0.436458 0.104444 0.243750 0.124444
155 0.372222 0.344444 0.347222 0.388889
85 0.527778 0.547222 0.141667 0.261111
126 0.427778 0.178333 0.259722 0.258889
186 0.107639 0.243889 0.161111 0.212222
274 0.351736 0.478889 0.197917 0.213333
238 0.616319 0.470556 0.267361 0.156667
98 0.154167 0.533333 0.181944 0.188889
195 0.338194 0.260556 0.144444 0.143333
286 0.336111 0.317778 0.281944 0.166667
306 0.387500 0.438889 0.233333 0.186667
229 0.246528 0.498333 0.194444 0.158889
184 0.570139 0.283889 0.159722 0.221111
197 0.454514 0.529444 0.143750 0.267778
190 0.211806 0.280000 0.234722 0.231111
23 0.500694 0.236667 0.033333 0.053333
309 0.386111 0.363333 0.205556 0.144444
170 0.369097 0.419444 0.186806 0.256667
27 0.408333 0.458889 0.097222 0.048889