313 0.548611 0.491667 0.183333 0.172222
73 0.178125 0.258333 0.163194 0.147778
1 0.815278 0.356667 1.000000 0.066667
146 0.238542 0.267778 0.139583 0.206667
42 0.513889 0.403333 0.243056 0.077778
310 0.571181 0.192222 0.150694 0.188889
297 0.238889 0.415556 0.365278 0.111111
55 0.632292 0.445556 0.238194 0.102222
6 0.194792 0.250556 0.321528 0.181111
273 0.574653 0.310556 0.234028 0.265556
154 0.575694 0.610000 0.347222 0.388889
183 0.218403 0.188333 0.209028 0.274444
169 0.290972 0.364444 0.261111 0.126667
147 0.371528 0.524444 0.334722 0.535556
304 0.545139 0.370000 0.144444 0.168889
27 0.350000 0.286667 0.097222 0.048889
47 0.489583 0.320000 0.197222 0.102222
303 0.479514 0.161667 0.202083 0.252222
203 0.437500 0.327778 0.209722 0.251111
161 0.178125 0.121667 0.220139 0.118889
86 0.547917 0.261667 0.270833 0.238889
85 0.382292 0.282222 0.196528 0.224444
165 0.463194 0.301111 0.168056 0.242222
114 0.494097 0.210000 0.154861 0.126667