272 0.462153 0.466111 0.190972 0.163333
52 0.447917 0.473333 0.198611 0.095556
13 0.529167 0.481667 0.526389 0.161111
265 0.492014 0.118889 0.257639 0.164444
263 0.322569 0.207778 0.211806 0.111111
24 0.186111 0.174444 0.097222 0.048889
71 0.225347 0.177222 0.182639 0.163333
283 0.343403 0.221667 0.514583 0.201111
58 0.451389 0.235556 0.216667 0.100000
161 0.554514 0.423333 0.149306 0.233333
113 0.195139 0.461667 0.138889 0.145556
43 0.635417 0.190000 0.243056 0.077778
150 0.519792 0.237222 0.240972 0.234444
206 0.415278 0.457778 0.243056 0.077778
194 0.218056 0.247222 0.202778 0.270000
291 0.621875 0.344444 0.475694 0.077778
182 0.143403 0.368333 0.177083 0.276667