40 0.384722 0.208889 0.243056 0.077778
170 0.329514 0.506111 0.252083 0.190000
285 0.525000 0.300000 0.330556 0.091111
186 0.339236 0.286667 0.221528 0.113333
289 0.489931 0.417778 0.525694 0.213333
277 0.481597 0.280556 0.406250 0.078889
142 0.483681 0.527778 0.203472 0.233333
175 0.479167 0.287778 0.097222 0.048889
249 0.486111 0.311667 0.233333 0.190000
274 0.368403 0.422222 0.206250 0.277778
275 0.297569 0.395000 0.447917 0.152222
182 0.588194 0.332222 0.222222 0.135556
259 0.394792 0.207778 0.200694 0.264444
114 0.595833 0.140556 0.200000 0.145556
157 0.472222 0.558889 0.347222 0.388889
0 0.893056 0.091111 1.000000 0.066667
195 0.213542 0.116111 0.153472 0.178889
10 0.284722 0.513889 0.348611 0.154444
239 0.162153 0.127222 0.260417 0.123333
71 0.297917 0.356111 0.158333 0.234444
29 0.411111 0.250556 0.104167 0.041111
4 0.669792 0.270000 0.543750 0.157778
242 0.466319 0.483333 0.261806 0.202222