96 0.475694 0.358889 0.156944 0.217778
259 0.335764 0.385000 0.175694 0.232222
32 0.105903 0.437778 0.078472 0.053333
235 0.537153 0.167778 0.161806 0.248889
33 0.223611 0.337778 0.097222 0.048889
172 0.268056 0.297778 0.247222 0.226667
173 0.137500 0.273333 0.097222 0.048889
155 0.516667 0.324444 0.347222 0.388889
45 0.220486 0.211111 0.234028 0.066667
267 0.289583 0.259444 0.272222 0.194444
215 0.177083 0.337778 0.205556 0.264444
13 0.334722 0.299444 0.413889 0.121111
289 0.648611 0.150000 0.506944 0.200000
312 0.458333 0.343333 0.200000 0.120000
166 0.522222 0.405556 0.176389 0.144444
188 0.315625 0.211111 0.217361 0.144444
169 0.487153 0.141111 0.178472 0.197778
225 0.340278 0.274444 0.097222 0.048889
151 0.213542 0.122778 0.204861 0.130000
100 0.167014 0.182778 0.249306 0.181111