202 0.509722 0.300556 0.154167 0.181111
245 0.215278 0.406111 0.220833 0.263333
268 0.289583 0.568333 0.187500 0.272222
81 0.424653 0.240556 0.220139 0.127778
52 0.568056 0.446111 0.220833 0.105556
88 0.496875 0.153333 0.246528 0.217778
15 0.174306 0.438889 0.097222 0.048889
148 0.311806 0.532222 0.258333 0.220000
275 0.406597 0.234444 0.410417 0.195556
225 0.331944 0.187778 0.097222 0.048889
31 0.416667 0.109444 0.084722 0.041111
143 0.637847 0.107222 0.252083 0.134444
222 0.518403 0.175000 0.264583 0.163333
311 0.216667 0.420000 0.140278 0.166667
243 0.106250 0.263889 0.147222 0.192222
91 0.444792 0.118889 0.257639 0.115556
240 0.481597 0.207778 0.167361 0.164444
285 0.684375 0.253889 0.360417 0.130000
184 0.108681 0.222778 0.160417 0.221111
199 0.583681 0.146667 0.150694 0.140000
266 0.574653 0.156111 0.147917 0.138889
48 0.274653 0.277778 0.220139 0.075556
139 0.577083 0.197222 0.156944 0.138889
315 0.635069 0.287222 0.242361 0.245556
125 0.551042 0.176111 0.157639 0.132222