21 0.558333 0.086667 0.097222 0.048889
237 0.366319 0.477778 0.253472 0.206667
124 0.583333 0.501667 0.211111 0.174444
55 0.524653 0.477222 0.224306 0.085556
209 0.555903 0.452222 0.145139 0.246667
197 0.394792 0.382778 0.221528 0.138889
122 0.278472 0.331111 0.208333 0.237778
65 0.284722 0.431111 0.222222 0.422222
311 0.429167 0.488333 0.218056 0.214444
131 0.511458 0.177778 0.242361 0.197778
114 0.306597 0.462778 0.147917 0.258889
92 0.566319 0.497222 0.259028 0.258889
252 0.385069 0.300000 0.156250 0.257778
261 0.353125 0.186111 0.174306 0.201111
263 0.260417 0.479444 0.223611 0.207778