269 0.306597 0.305000 0.210417 0.152222
206 0.347917 0.070000 0.243056 0.077778
238 0.195833 0.535556 0.251389 0.271111
10 0.508681 0.147222 0.482639 0.132222
8 0.479167 0.413333 0.173611 0.555556
156 0.322222 0.442222 0.347222 0.388889
92 0.424653 0.196111 0.246528 0.134444
306 0.162847 0.355556 0.243750 0.133333
286 0.622222 0.470000 0.338889 0.131111
263 0.112847 0.526667 0.175694 0.233333
309 0.326042 0.524444 0.189583 0.251111
265 0.380903 0.348333 0.189583 0.165556
52 0.474306 0.325556 0.269444 0.100000
177 0.152431 0.134444 0.207639 0.193333
140 0.268403 0.310556 0.214583 0.232222
86 0.197222 0.450556 0.152778 0.238889
25 0.404861 0.393333 0.097222 0.048889
224 0.552431 0.181111 0.242361 0.195556
146 0.436806 0.449444 0.141667 0.234444
285 0.537500 0.455000 0.469444 0.103333
78 0.335417 0.166111 0.254167 0.203333
35 0.398611 0.428889 0.097222 0.048889
314 0.488889 0.235000 0.216667 0.238889
68 0.532639 0.305556 0.222222 0.422222
89 0.210069 0.498889 0.186806 0.211111
119 0.531944 0.426667 0.141667 0.222222