74 0.402778 0.314444 0.486111 0.266667
75 0.453472 0.181111 0.486111 0.266667
51 0.507292 0.207778 0.196528 0.068889
103 0.538194 0.211667 0.225000 0.227778
198 0.349306 0.518889 0.227778 0.166667
185 0.424653 0.231667 0.259028 0.245556
189 0.282639 0.232222 0.230556 0.122222
71 0.205208 0.091111 0.277083 0.137778
232 0.556944 0.264444 0.223611 0.217778
285 0.661458 0.187222 0.417361 0.198889
70 0.443750 0.226111 0.152778 0.218889
252 0.564236 0.145556 0.231250 0.193333
308 0.514236 0.241667 0.181250 0.225556
130 0.284375 0.376111 0.142361 0.167778
4 0.402778 0.143889 0.494444 0.183333
18 0.470139 0.396667 0.555556 0.100000
26 0.422222 0.432222 0.097222 0.048889
284 0.397569 0.365000 0.353472 0.210000
187 0.594792 0.363333 0.250694 0.144444
293 0.368403 0.417222 0.515972 0.101111
179 0.531944 0.337222 0.252778 0.207778
277 0.710417 0.360556 0.506944 0.134444
201 0.337500 0.415556 0.097222 0.048889
143 0.387847 0.372778 0.271528 0.170000
261 0.177431 0.323889 0.147917 0.132222