73 0.504861 0.263333 0.198611 0.115556
137 0.563889 0.256111 0.138889 0.125556
95 0.409722 0.291111 0.215278 0.177778
38 0.345139 0.197778 0.243056 0.077778
223 0.285764 0.410556 0.249306 0.207778
59 0.270486 0.452778 0.204861 0.105556
136 0.609028 0.362778 0.244444 0.212222
267 0.400694 0.411111 0.268056 0.197778
64 0.425000 0.242222 0.222222 0.422222
49 0.513542 0.086111 0.218750 0.081111
237 0.560069 0.260000 0.245139 0.182222
183 0.211458 0.263889 0.171528 0.234444
155 0.352778 0.620000 0.347222 0.388889
30 0.522222 0.094444 0.102778 0.040000
213 0.547222 0.250000 0.191667 0.240000