85 0.538542 0.473889 0.228472 0.265556
42 0.528472 0.450000 0.243056 0.077778
288 0.434028 0.508333 0.461111 0.203333
125 0.524653 0.527778 0.156250 0.217778
170 0.172222 0.122778 0.263889 0.150000
172 0.307986 0.222778 0.189583 0.138889
197 0.615278 0.506111 0.245833 0.147778
33 0.468750 0.410000 0.097222 0.048889
31 0.226389 0.240000 0.075000 0.048889
26 0.202083 0.361111 0.097222 0.048889
68 0.132639 0.440000 0.222222 0.422222
268 0.435417 0.403889 0.273611 0.127778
38 0.625000 0.300000 0.243056 0.077778
5 0.390972 0.403889 0.523611 0.094444
230 0.272917 0.455556 0.222222 0.422222
285 0.282292 0.083889 0.490972 0.076667
54 0.474306 0.262778 0.175000 0.078889
231 0.335069 0.247222 0.179861 0.227778