259 0.187153 0.574444 0.240972 0.277778
180 0.476736 0.256667 0.268750 0.184444
137 0.181250 0.407222 0.240278 0.245556
197 0.220486 0.486111 0.142361 0.234444
287 0.697917 0.206111 0.526389 0.178889
53 0.595833 0.386111 0.223611 0.070000
95 0.181944 0.294444 0.265278 0.137778
104 0.417361 0.372778 0.237500 0.130000
196 0.496181 0.447222 0.196528 0.258889
2 0.675694 0.162222 1.000000 0.066667
79 0.126042 0.510556 0.177083 0.172222
306 0.186111 0.390000 0.218056 0.257778
146 0.275694 0.388333 0.227778 0.272222
31 0.142014 0.322778 0.122917 0.041111