114 0.417708 0.556667 0.257639 0.264444
271 0.401042 0.278889 0.260417 0.248889
219 0.140278 0.426667 0.097222 0.048889
137 0.550000 0.380556 0.258333 0.245556
290 0.364583 0.196111 0.398611 0.150000
82 0.584028 0.364444 0.258333 0.226667
93 0.159375 0.337778 0.174306 0.166667
4 0.279514 0.278333 0.400694 0.187778
258 0.252778 0.122778 0.201389 0.150000
311 0.420139 0.130556 0.159722 0.118889
129 0.610764 0.517778 0.246528 0.257778
142 0.488194 0.445000 0.204167 0.112222
132 0.183681 0.260556 0.174306 0.174444
257 0.369444 0.243889 0.205556 0.174444
252 0.611806 0.261667 0.245833 0.243333
139 0.471528 0.212778 0.151389 0.276667
116 0.605208 0.400000 0.261806 0.128889
39 0.224306 0.406667 0.243056 0.077778
242 0.380903 0.477778 0.175694 0.222222
8 0.176389 0.713333 0.173611 0.555556