314 0.578472 0.342778 0.155556 0.227778
172 0.245833 0.357778 0.176389 0.211111
7 0.198611 0.302222 0.173611 0.555556
17 0.576042 0.273333 0.302083 0.086667
273 0.249306 0.320556 0.238889 0.207778
184 0.628819 0.457222 0.268750 0.243333
176 0.379861 0.379444 0.236111 0.210000
133 0.598264 0.281111 0.210417 0.242222
226 0.087500 0.332222 0.097222 0.048889
100 0.442708 0.360000 0.242361 0.222222
50 0.490972 0.388889 0.236111 0.100000
310 0.449306 0.417222 0.244444 0.234444
307 0.214236 0.454444 0.247917 0.235556
247 0.359375 0.150556 0.139583 0.221111
129 0.269444 0.213889 0.266667 0.134444