59 0.196875 0.464444 0.242361 0.111111
160 0.356250 0.358889 0.168056 0.211111
98 0.375694 0.250000 0.270833 0.200000
206 0.309028 0.163333 0.243056 0.077778
313 0.282639 0.371667 0.175000 0.114444
73 0.129861 0.333889 0.215278 0.265556
239 0.585069 0.169444 0.247917 0.134444
43 0.170833 0.375556 0.243056 0.077778
205 0.403125 0.516111 0.188194 0.254444
41 0.474306 0.233333 0.243056 0.077778
151 0.192361 0.230556 0.265278 0.123333
74 0.720139 0.291111 0.486111 0.266667
106 0.492708 0.422778 0.272917 0.170000
10 0.770486 0.471111 0.553472 0.151111
183 0.180903 0.430000 0.227083 0.180000
70 0.317014 0.472222 0.157639 0.144444
149 0.292361 0.284444 0.252778 0.404444
202 0.503125 0.190000 0.222917 0.264444
158 0.461806 0.427778 0.347222 0.388889
219 0.202778 0.392222 0.097222 0.048889
30 0.195486 0.142778 0.096528 0.041111