237 0.280208 0.141111 0.249306 0.206667
222 0.139236 0.433333 0.232639 0.166667
233 0.353472 0.411111 0.159722 0.131111
152 0.520139 0.454444 0.181944 0.126667
108 0.536111 0.529444 0.230556 0.247778
45 0.481250 0.332778 0.244444 0.087778
245 0.121181 0.382222 0.193750 0.251111
299 0.385417 0.384444 0.180556 0.182222
7 0.593056 0.671111 0.173611 0.555556
78 0.189583 0.346111 0.186111 0.216667
79 0.206944 0.138889 0.194444 0.166667
205 0.351389 0.163889 0.243056 0.265556
177 0.170139 0.125556 0.175000 0.131111