297 0.319444 0.398889 0.330556 0.137778
183 0.573264 0.566667 0.204861 0.248889
288 0.656944 0.428333 0.494444 0.096667
79 0.507292 0.137778 0.175694 0.220000
64 0.488889 0.276667 0.222222 0.422222
161 0.463542 0.382778 0.157639 0.256667
306 0.367014 0.208889 0.196528 0.251111
85 0.271875 0.398889 0.264583 0.164444
286 0.486458 0.177778 0.547917 0.137778
231 0.091667 0.439444 0.141667 0.183333
295 0.603819 0.447222 0.463194 0.085556
123 0.429514 0.290556 0.243750 0.236667
90 0.618750 0.253333 0.444444 0.444444