181 0.365972 0.261111 0.201389 0.266667
171 0.100000 0.471667 0.156944 0.205556
40 0.465278 0.235556 0.243056 0.077778
97 0.314931 0.124444 0.150694 0.140000
110 0.323958 0.325000 0.227083 0.265556
151 0.191667 0.253889 0.152778 0.198889
0 0.529861 0.107778 1.000000 0.066667
161 0.346875 0.473333 0.264583 0.120000
252 0.600694 0.372778 0.225000 0.156667
76 0.466667 0.448889 0.486111 0.266667
311 0.393750 0.448333 0.191667 0.205556
106 0.532639 0.421111 0.162500 0.171111
54 0.480903 0.117778 0.253472 0.071111
119 0.164236 0.555000 0.195139 0.267778
255 0.411806 0.505556 0.277778 0.144444