124 0.327431 0.359444 0.200694 0.218889
279 0.229861 0.312778 0.412500 0.152222
45 0.205208 0.462222 0.277083 0.091111
80 0.354167 0.399444 0.254167 0.167778
286 0.531944 0.411667 0.425000 0.172222
90 0.374306 0.441111 0.444444 0.444444
251 0.402083 0.439444 0.179167 0.263333
100 0.193403 0.213333 0.181250 0.157778
97 0.476389 0.442222 0.230556 0.197778
57 0.283333 0.282778 0.273611 0.083333
83 0.221528 0.331111 0.159722 0.115556
248 0.353819 0.510556 0.246528 0.190000
295 0.568750 0.455556 0.390278 0.128889
204 0.572222 0.248889 0.169444 0.177778