10 0.500000 0.195556 0.386111 0.160000
161 0.463889 0.260556 0.206944 0.130000
213 0.133681 0.218333 0.225694 0.276667
286 0.696875 0.398333 0.386806 0.152222
196 0.392361 0.130000 0.194444 0.164444
141 0.307986 0.377222 0.152083 0.156667
207 0.429861 0.466667 0.222222 0.422222
156 0.622222 0.451111 0.347222 0.388889
215 0.231944 0.381667 0.263889 0.183333
30 0.438194 0.435556 0.122222 0.048889
79 0.606944 0.446111 0.197222 0.156667
303 0.149306 0.190000 0.269444 0.208889
184 0.256944 0.215556 0.208333 0.157778
6 0.567014 0.372222 0.527083 0.082222
274 0.500694 0.162222 0.275000 0.220000
91 0.448264 0.480000 0.195139 0.271111
177 0.243403 0.178333 0.150694 0.130000
211 0.553125 0.365000 0.246528 0.123333