135 0.212847 0.414444 0.274306 0.180000
25 0.118750 0.428889 0.097222 0.048889
242 0.351736 0.350000 0.245139 0.182222
194 0.122917 0.377222 0.206944 0.174444
74 0.700694 0.242222 0.486111 0.266667
57 0.508333 0.418333 0.176389 0.094444
239 0.520139 0.488333 0.155556 0.190000
278 0.654861 0.264444 0.390278 0.193333
97 0.305556 0.321667 0.206944 0.130000
106 0.581597 0.322222 0.192361 0.148889
124 0.171875 0.263333 0.227083 0.226667
231 0.400694 0.295000 0.240278 0.185556
276 0.579514 0.347222 0.447917 0.136667
158 0.231944 0.368889 0.347222 0.388889
286 0.457986 0.348889 0.509028 0.155556
306 0.193750 0.157222 0.183333 0.210000
201 0.341667 0.242222 0.097222 0.048889
273 0.370833 0.259444 0.223611 0.132222