276 0.598611 0.335000 0.543056 0.112222
167 0.488889 0.367222 0.201389 0.274444
36 0.284028 0.151111 0.243056 0.077778
220 0.516319 0.320556 0.267361 0.250000
294 0.242361 0.457222 0.344444 0.181111
39 0.250694 0.416667 0.243056 0.077778
56 0.609375 0.413333 0.250694 0.086667
132 0.296875 0.369444 0.153472 0.227778
258 0.260417 0.445000 0.161111 0.194444
187 0.184375 0.162778 0.142361 0.210000
194 0.434722 0.371667 0.186111 0.172222
277 0.640972 0.549444 0.281944 0.218889
61 0.523958 0.312222 0.270139 0.102222