286 0.480208 0.327222 0.303472 0.081111
231 0.557986 0.287778 0.234028 0.124444
50 0.350694 0.323333 0.187500 0.102222
137 0.205903 0.335000 0.172917 0.116667
293 0.400347 0.361111 0.322917 0.084444
173 0.325000 0.277778 0.097222 0.048889
306 0.457292 0.402222 0.210417 0.180000
35 0.073611 0.273333 0.097222 0.048889
32 0.229514 0.308889 0.079861 0.040000
152 0.330556 0.165556 0.251389 0.242222
287 0.362153 0.407778 0.350694 0.184444
264 0.319792 0.457222 0.185417 0.223333
218 0.139583 0.153333 0.163889 0.206667
190 0.167708 0.485556 0.204861 0.255556
73 0.251736 0.503333 0.229861 0.182222
20 0.266667 0.313333 0.097222 0.048889
89 0.134722 0.267778 0.233333 0.277778
273 0.189236 0.430000 0.272917 0.271111
153 0.443750 0.300000 0.347222 0.388889
253 0.150347 0.254444 0.161806 0.235556
83 0.648611 0.326111 0.277778 0.143333