169 0.471528 0.415556 0.159722 0.128889
222 0.649306 0.420556 0.270833 0.145556
6 0.722222 0.503889 0.552778 0.216667
149 0.239583 0.313333 0.252778 0.404444
266 0.195833 0.123889 0.170833 0.198889
152 0.200000 0.286111 0.170833 0.176667
66 0.517361 0.505556 0.222222 0.422222
116 0.621875 0.490000 0.259028 0.228889
148 0.463194 0.233889 0.140278 0.136667
197 0.275694 0.282778 0.181944 0.230000
36 0.577778 0.195556 0.243056 0.077778
301 0.559375 0.116111 0.264583 0.158889
263 0.488889 0.278333 0.181944 0.150000
189 0.475347 0.350556 0.222917 0.185556
0 0.838194 0.187778 1.000000 0.066667
282 0.612847 0.491667 0.418750 0.201111
221 0.414931 0.495556 0.184028 0.128889
81 0.320139 0.232778 0.194444 0.232222
268 0.151389 0.258333 0.166667 0.236667
315 0.321528 0.280000 0.170833 0.184444
82 0.548264 0.355556 0.168750 0.268889
279 0.311111 0.432222 0.463889 0.168889
156 0.518056 0.244444 0.347222 0.388889