258 0.446875 0.391111 0.145139 0.135556
125 0.398611 0.359444 0.151389 0.114444
280 0.356597 0.131667 0.343750 0.154444
178 0.429514 0.108333 0.247917 0.123333
81 0.250694 0.343333 0.176389 0.124444
230 0.388889 0.411111 0.222222 0.422222
78 0.409722 0.121111 0.190278 0.186667
200 0.392361 0.070000 0.097222 0.048889
186 0.358681 0.191667 0.181250 0.243333
11 0.246181 0.394444 0.335417 0.153333
176 0.419097 0.130556 0.164583 0.174444
130 0.344444 0.167222 0.225000 0.156667
88 0.347569 0.220556 0.271528 0.245556
297 0.644792 0.541667 0.347917 0.214444
124 0.205208 0.547778 0.227083 0.222222
254 0.522569 0.383333 0.200694 0.253333
153 0.586806 0.475556 0.347222 0.388889
184 0.131250 0.396667 0.222222 0.200000
251 0.542708 0.245556 0.167361 0.220000
247 0.324653 0.307222 0.245139 0.272222
60 0.628819 0.292222 0.240972 0.084444
187 0.252778 0.398889 0.273611 0.237778
242 0.604167 0.508333 0.223611 0.150000
281 0.180903 0.441111 0.303472 0.126667