208 0.346528 0.459444 0.268056 0.216667
308 0.088889 0.133889 0.140278 0.125556
126 0.460417 0.234444 0.258333 0.246667
171 0.458333 0.511111 0.245833 0.146667
22 0.195833 0.140000 0.033333 0.053333
41 0.464583 0.475556 0.243056 0.077778
81 0.115972 0.390000 0.147222 0.206667
141 0.522569 0.310000 0.224306 0.253333
248 0.327083 0.493889 0.173611 0.198889
297 0.418056 0.460000 0.429167 0.102222
109 0.160417 0.411667 0.145833 0.221111
138 0.355208 0.370000 0.178472 0.193333
193 0.190625 0.492778 0.192361 0.256667
182 0.140972 0.101667 0.204167 0.143333
58 0.488889 0.354444 0.176389 0.086667
195 0.495139 0.162778 0.222222 0.138889
21 0.498611 0.288889 0.097222 0.048889
241 0.240972 0.317222 0.186111 0.178889
45 0.421528 0.256667 0.275000 0.077778
204 0.556597 0.283333 0.222917 0.155556
289 0.360417 0.144444 0.501389 0.206667
315 0.256250 0.322222 0.204167 0.233333
107 0.567708 0.376667 0.146528 0.180000