95 0.392361 0.363333 0.200000 0.264444
245 0.559722 0.442222 0.229167 0.253333
109 0.530903 0.346111 0.242361 0.267778
3 0.878472 0.316667 1.000000 0.066667
159 0.431597 0.231667 0.224306 0.138889
309 0.581250 0.375000 0.238889 0.143333
292 0.759722 0.129444 0.520833 0.090000
192 0.164583 0.252222 0.222222 0.240000
235 0.226389 0.255556 0.205556 0.160000
97 0.324653 0.478333 0.174306 0.136667
162 0.229167 0.308889 0.213889 0.233333
273 0.123611 0.190000 0.204167 0.244444
153 0.368750 0.240000 0.347222 0.388889
80 0.309722 0.369444 0.143056 0.165556
6 0.327778 0.171667 0.469444 0.141111
217 0.294444 0.495556 0.155556 0.124444
282 0.253819 0.191667 0.336806 0.176667
212 0.367014 0.366111 0.214583 0.167778
265 0.406250 0.165000 0.212500 0.194444
54 0.414931 0.240556 0.257639 0.110000
36 0.294444 0.273333 0.243056 0.077778
28 0.335417 0.352222 0.243056 0.077778
286 0.593750 0.465000 0.366667 0.174444
170 0.573958 0.375556 0.245139 0.204444
311 0.329167 0.106111 0.168056 0.152222