3 0.663889 0.128889 1.000000 0.066667
102 0.447222 0.524444 0.444444 0.444444
246 0.172222 0.537778 0.222222 0.275556
94 0.291319 0.329444 0.246528 0.181111
91 0.168056 0.183333 0.165278 0.115556
217 0.486111 0.357778 0.172222 0.115556
280 0.681597 0.226667 0.524306 0.117778
171 0.103472 0.276111 0.166667 0.274444
167 0.320486 0.226667 0.227083 0.157778
303 0.618750 0.221111 0.263889 0.166667
213 0.364931 0.298889 0.175694 0.215556
81 0.145139 0.136111 0.190278 0.196667
112 0.220486 0.493889 0.202083 0.150000
90 0.569444 0.400000 0.444444 0.444444
256 0.567361 0.115556 0.252778 0.148889
130 0.615278 0.172222 0.229167 0.262222
32 0.176736 0.431667 0.090972 0.050000
313 0.327778 0.222778 0.255556 0.210000
282 0.319444 0.208333 0.430556 0.143333
23 0.450000 0.457778 0.033333 0.053333
165 0.617708 0.193889 0.267361 0.247778
193 0.119097 0.182778 0.174306 0.118889
199 0.168403 0.148889 0.188194 0.195556
270 0.409375 0.253889 0.145139 0.221111