282 0.353819 0.355556 0.371528 0.137778
148 0.406944 0.356667 0.187500 0.124444
139 0.328472 0.440556 0.163889 0.174444
22 0.295833 0.141111 0.033333 0.053333
1 0.823611 0.162222 1.000000 0.066667
113 0.595139 0.489444 0.227778 0.238889
0 0.592361 0.300000 1.000000 0.066667
108 0.204167 0.576111 0.231944 0.270000
177 0.458333 0.436111 0.206944 0.194444
61 0.492014 0.173333 0.207639 0.100000
129 0.475694 0.440000 0.245833 0.222222
295 0.227778 0.198889 0.423611 0.124444
285 0.579514 0.413889 0.429861 0.170000
315 0.245486 0.158889 0.225694 0.251111
180 0.190972 0.337222 0.254167 0.114444
143 0.171181 0.353889 0.264583 0.163333
5 0.459722 0.316667 0.461111 0.173333
45 0.453472 0.279444 0.202778 0.074444
184 0.503125 0.384444 0.139583 0.128889
56 0.286111 0.437222 0.186111 0.083333
306 0.340278 0.388889 0.275000 0.220000
2 0.897222 0.288889 1.000000 0.066667
188 0.196528 0.376667 0.141667 0.255556