10 0.309028 0.127778 0.386111 0.115556
291 0.717361 0.083889 0.425000 0.118889
112 0.578472 0.267222 0.180556 0.227778
267 0.328819 0.470000 0.161806 0.217778
253 0.453125 0.556667 0.147917 0.277778
96 0.273264 0.479444 0.214583 0.114444
54 0.626389 0.391667 0.256944 0.078889
246 0.498958 0.528889 0.275694 0.233333
43 0.172917 0.340000 0.243056 0.077778
100 0.300000 0.258889 0.241667 0.237778
51 0.194792 0.076111 0.186806 0.070000
127 0.307292 0.395556 0.143750 0.186667
47 0.316667 0.410556 0.208333 0.098889
103 0.291667 0.218333 0.201389 0.141111
118 0.281250 0.443333 0.218056 0.231111
25 0.535417 0.260000 0.097222 0.048889
177 0.173958 0.272222 0.264583 0.244444
101 0.451042 0.462778 0.160417 0.185556
45 0.514583 0.081111 0.183333 0.100000
284 0.423958 0.308889 0.456250 0.215556
278 0.552431 0.495000 0.459028 0.221111
9 0.483333 0.520000 0.173611 0.555556