248 0.154514 0.453333 0.275694 0.111111
276 0.531597 0.424444 0.502083 0.120000
186 0.616667 0.422222 0.261111 0.235556
148 0.361111 0.467778 0.269444 0.137778
265 0.470139 0.104444 0.212500 0.115556
111 0.543056 0.530000 0.259722 0.200000
26 0.538194 0.422222 0.097222 0.048889
35 0.090972 0.360000 0.097222 0.048889
222 0.483681 0.352778 0.268750 0.243333
13 0.703125 0.332222 0.396528 0.157778
260 0.616319 0.235556 0.242361 0.124444
135 0.386806 0.456667 0.262500 0.264444
273 0.213889 0.479444 0.155556 0.241111
136 0.484375 0.414444 0.172917 0.186667
92 0.297222 0.427778 0.237500 0.262222
125 0.395486 0.258889 0.268750 0.222222
20 0.238194 0.133333 0.097222 0.048889
308 0.604167 0.395000 0.244444 0.218889
221 0.452083 0.496667 0.179167 0.253333
119 0.410069 0.220000 0.181250 0.140000