237 0.191667 0.277778 0.238889 0.148889
181 0.591319 0.220000 0.243750 0.188889
192 0.297222 0.446111 0.245833 0.170000
29 0.533333 0.426111 0.075000 0.043333
47 0.529514 0.337778 0.217361 0.066667
222 0.572222 0.130000 0.183333 0.200000
214 0.190972 0.382778 0.181944 0.130000
199 0.335417 0.153889 0.251389 0.130000
234 0.179514 0.447222 0.160417 0.123333
151 0.131597 0.347222 0.199306 0.183333
106 0.487847 0.218333 0.202083 0.218889
225 0.260417 0.390000 0.097222 0.048889
288 0.585764 0.537222 0.515972 0.201111
132 0.430556 0.228333 0.188889 0.232222
113 0.387847 0.374444 0.172917 0.140000
72 0.229514 0.315556 0.249306 0.131111
275 0.561806 0.318333 0.283333 0.127778
271 0.544792 0.299444 0.213194 0.114444
172 0.425694 0.502222 0.255556 0.137778
63 0.162500 0.387778 0.222222 0.422222
279 0.669444 0.468889 0.372222 0.211111
18 0.263889 0.106667 0.404167 0.093333
39 0.340972 0.256667 0.243056 0.077778
191 0.419444 0.345000 0.188889 0.190000
291 0.440972 0.361667 0.473611 0.123333