85 0.582986 0.363333 0.149306 0.124444
179 0.432292 0.471111 0.197917 0.253333
38 0.425694 0.465556 0.243056 0.077778
262 0.434028 0.287222 0.161111 0.265556
55 0.415625 0.153889 0.236806 0.085556
108 0.417014 0.253889 0.264583 0.227778
244 0.144444 0.436111 0.236111 0.176667
200 0.445833 0.327778 0.097222 0.048889
240 0.154514 0.208889 0.265972 0.237778
283 0.625694 0.533889 0.427778 0.210000
237 0.217361 0.375556 0.183333 0.220000
294 0.311111 0.125000 0.322222 0.101111
102 0.615972 0.604444 0.444444 0.444444
52 0.557639 0.385556 0.254167 0.071111
119 0.481250 0.243333 0.159722 0.215556