277 0.210417 0.435556 0.348611 0.126667
161 0.194792 0.240000 0.213194 0.180000
285 0.607292 0.128333 0.554861 0.203333
54 0.358681 0.197222 0.218750 0.101111
119 0.230903 0.263333 0.265972 0.157778
78 0.133681 0.317778 0.143750 0.157778
79 0.535764 0.404444 0.190972 0.224444
276 0.623611 0.476667 0.404167 0.220000
280 0.380903 0.175000 0.356250 0.218889
206 0.228472 0.427778 0.243056 0.077778
241 0.496528 0.200000 0.227778 0.206667
58 0.145486 0.298889 0.190972 0.084444
309 0.247917 0.403333 0.145833 0.262222
238 0.561111 0.381111 0.140278 0.213333
177 0.160069 0.352778 0.152083 0.183333
174 0.193056 0.208889 0.097222 0.048889
195 0.527431 0.098333 0.157639 0.132222
175 0.135417 0.342222 0.097222 0.048889