62 0.413889 0.292222 0.243056 0.077778
155 0.386806 0.335556 0.347222 0.388889
27 0.380556 0.440000 0.097222 0.048889
168 0.620486 0.106667 0.213194 0.128889
316 0.461806 0.337778 0.147222 0.140000
69 0.502778 0.550000 0.222222 0.422222
42 0.168750 0.342222 0.243056 0.077778
18 0.332292 0.280000 0.377083 0.144444
272 0.417014 0.120556 0.246528 0.156667
313 0.481250 0.369444 0.243056 0.250000
136 0.419097 0.342778 0.220139 0.121111
106 0.189236 0.203889 0.225694 0.263333
307 0.320833 0.233889 0.138889 0.238889