157 0.644444 0.435556 0.347222 0.388889
271 0.590278 0.333889 0.161111 0.183333
181 0.178125 0.195556 0.184028 0.168889
42 0.446528 0.147778 0.243056 0.077778
293 0.547569 0.371667 0.349306 0.127778
222 0.522222 0.162222 0.152778 0.188889
57 0.295139 0.372222 0.219444 0.075556
85 0.168056 0.346667 0.145833 0.195556
280 0.313542 0.153889 0.453472 0.072222
36 0.320833 0.344444 0.243056 0.077778
11 0.340972 0.336111 0.552778 0.118889
67 0.157639 0.600000 0.222222 0.422222
173 0.552778 0.098889 0.097222 0.048889
263 0.459028 0.176111 0.197222 0.274444
56 0.386111 0.161667 0.213889 0.110000
226 0.307639 0.102222 0.097222 0.048889
287 0.503819 0.464444 0.324306 0.144444
211 0.278472 0.538889 0.156944 0.257778
121 0.356944 0.371111 0.169444 0.240000