55 0.134028 0.468889 0.201389 0.095556
145 0.185069 0.247222 0.215972 0.138889
258 0.163194 0.455000 0.244444 0.254444
172 0.553819 0.144444 0.147917 0.182222
210 0.330903 0.426667 0.200694 0.133333
39 0.150000 0.307778 0.243056 0.077778
168 0.456250 0.502222 0.193056 0.253333
46 0.122569 0.093333 0.177083 0.093333
4 0.656250 0.351667 0.441667 0.078889
203 0.217014 0.470000 0.242361 0.220000
34 0.473611 0.156667 0.097222 0.048889
159 0.465625 0.197222 0.139583 0.161111
72 0.135069 0.116667 0.224306 0.140000
271 0.524306 0.210556 0.277778 0.156667
153 0.552083 0.342222 0.347222 0.388889
12 0.514931 0.197778 0.464583 0.122222
238 0.159722 0.494444 0.226389 0.133333
163 0.375694 0.276667 0.240278 0.171111
219 0.432639 0.212222 0.097222 0.048889
294 0.526736 0.445556 0.459028 0.151111
214 0.261111 0.278889 0.148611 0.204444
52 0.368403 0.139444 0.200694 0.083333
252 0.185069 0.227778 0.222917 0.266667
245 0.324306 0.197778 0.231944 0.120000
225 0.195139 0.096667 0.097222 0.048889