228 0.155208 0.209444 0.211806 0.185556
36 0.211806 0.232222 0.243056 0.077778
52 0.249653 0.328889 0.200694 0.071111
68 0.442361 0.446667 0.222222 0.422222
188 0.114583 0.170556 0.150000 0.172222
42 0.297917 0.111111 0.243056 0.077778
172 0.416319 0.428333 0.190972 0.205556
83 0.218750 0.493333 0.156944 0.226667
277 0.542014 0.521111 0.527083 0.215556
3 0.943056 0.104444 1.000000 0.066667
40 0.145833 0.442222 0.243056 0.077778
54 0.148264 0.292778 0.192361 0.087778
87 0.155903 0.191667 0.271528 0.214444
173 0.365278 0.444444 0.097222 0.048889
240 0.410764 0.471111 0.261806 0.246667
253 0.569097 0.369444 0.196528 0.178889
0 0.908333 0.128889 1.000000 0.066667
293 0.559028 0.518333 0.491667 0.158889
289 0.525347 0.535556 0.363194 0.213333
107 0.606597 0.355000 0.192361 0.252222