16 0.464583 0.467778 0.526389 0.200000
36 0.578472 0.374444 0.243056 0.077778
191 0.205208 0.304444 0.257639 0.140000
38 0.331250 0.381111 0.243056 0.077778
99 0.267361 0.501667 0.240278 0.154444
198 0.232292 0.468333 0.268750 0.114444
270 0.162847 0.370000 0.211806 0.151111
261 0.469792 0.325556 0.260417 0.244444
220 0.310069 0.149444 0.210417 0.163333
287 0.452083 0.282222 0.333333 0.171111
274 0.533333 0.111667 0.155556 0.165556
210 0.615972 0.330556 0.270833 0.256667
176 0.357292 0.576667 0.242361 0.271111
151 0.543056 0.240556 0.252778 0.178889
123 0.310417 0.422222 0.220833 0.257778
305 0.274306 0.185000 0.186111 0.192222
294 0.657639 0.202778 0.395833 0.118889
219 0.152083 0.394444 0.097222 0.048889
248 0.254514 0.419444 0.181250 0.230000
72 0.221528 0.268333 0.183333 0.118889
195 0.544792 0.564444 0.171528 0.251111