277 0.407986 0.220000 0.335417 0.171111
167 0.560764 0.487778 0.142361 0.193333
21 0.259028 0.172222 0.097222 0.048889
245 0.301389 0.397778 0.184722 0.240000
89 0.466667 0.110556 0.233333 0.118889
128 0.257292 0.273333 0.272917 0.162222
124 0.425347 0.269444 0.238194 0.198889
290 0.439236 0.200000 0.360417 0.166667
131 0.529861 0.248333 0.180556 0.132222
183 0.392014 0.338333 0.249306 0.163333
158 0.680556 0.596667 0.347222 0.388889
169 0.193750 0.411667 0.258333 0.181111
106 0.345486 0.108333 0.177083 0.138889
297 0.536458 0.395000 0.514583 0.203333
71 0.457986 0.218889 0.270139 0.126667
283 0.710069 0.472222 0.415972 0.082222
316 0.457986 0.350556 0.250694 0.172222
14 0.586111 0.213333 0.543056 0.088889
143 0.321875 0.521667 0.152083 0.274444
233 0.497917 0.495556 0.272222 0.237778
140 0.329167 0.116667 0.262500 0.166667
238 0.336806 0.154444 0.156944 0.122222