29 0.421528 0.200000 0.081944 0.046667
80 0.375694 0.354444 0.183333 0.175556
282 0.536111 0.113889 0.455556 0.165556
37 0.352083 0.212222 0.243056 0.077778
175 0.065972 0.172222 0.097222 0.048889
19 0.165278 0.286667 0.097222 0.048889
96 0.502778 0.260000 0.143056 0.148889
217 0.157292 0.471111 0.179861 0.175556
147 0.551389 0.554444 0.334722 0.535556
303 0.486806 0.238889 0.148611 0.266667
289 0.531250 0.453333 0.376389 0.200000
141 0.647222 0.337222 0.270833 0.241111
174 0.293750 0.386667 0.097222 0.048889
28 0.495833 0.197778 0.243056 0.077778
291 0.319792 0.317222 0.335417 0.183333
266 0.320139 0.505556 0.273611 0.166667
101 0.477778 0.133333 0.255556 0.164444