275 0.686111 0.163889 0.397222 0.078889
64 0.143750 0.530000 0.222222 0.422222
196 0.331597 0.375556 0.190972 0.142222
261 0.215625 0.320000 0.260417 0.146667
51 0.638194 0.416667 0.272222 0.082222
300 0.743056 0.170000 0.486111 0.266667
72 0.337500 0.220000 0.226389 0.177778
240 0.449306 0.242778 0.256944 0.172222
115 0.134028 0.402778 0.218056 0.152222
98 0.213542 0.506111 0.209028 0.154444
148 0.161111 0.227778 0.240278 0.240000
167 0.329861 0.140000 0.213889 0.208889
206 0.306944 0.100000 0.243056 0.077778
75 0.615972 0.283333 0.486111 0.266667
74 0.262500 0.237778 0.486111 0.266667
34 0.497222 0.106667 0.097222 0.048889
205 0.464931 0.555000 0.250694 0.250000
103 0.403819 0.483889 0.171528 0.172222
200 0.165972 0.410000 0.097222 0.048889
287 0.278125 0.491111 0.488194 0.208889
168 0.314583 0.278889 0.245833 0.204444
301 0.189236 0.199444 0.157639 0.156667
5 0.273958 0.162778 0.310417 0.101111
191 0.335069 0.511111 0.229861 0.184444