159 0.507986 0.534444 0.217361 0.200000
135 0.141667 0.148889 0.179167 0.175556
231 0.328819 0.138889 0.150694 0.222222
278 0.649306 0.169444 0.388889 0.154444
144 0.537847 0.425000 0.163194 0.221111
196 0.592014 0.306111 0.240972 0.145556
281 0.419444 0.393889 0.427778 0.114444
226 0.516667 0.461111 0.097222 0.048889
108 0.583333 0.147222 0.276389 0.123333
164 0.576736 0.145000 0.142361 0.132222
301 0.368750 0.291111 0.223611 0.257778
69 0.611111 0.583333 0.222222 0.422222
214 0.462153 0.394444 0.213194 0.224444
41 0.320139 0.295556 0.243056 0.077778
28 0.274306 0.353333 0.243056 0.077778
178 0.154514 0.441667 0.259028 0.236667
280 0.700694 0.129444 0.515278 0.092222
197 0.238194 0.188333 0.248611 0.241111
52 0.288889 0.471111 0.201389 0.111111
93 0.365278 0.155556 0.268056 0.235556
213 0.320833 0.157222 0.231944 0.154444
223 0.461111 0.481111 0.206944 0.151111
307 0.309722 0.223333 0.150000 0.224444
291 0.654514 0.221111 0.382639 0.133333