29 0.457639 0.202222 0.120833 0.046667
20 0.173611 0.454444 0.097222 0.048889
249 0.405903 0.410556 0.157639 0.178889
87 0.582986 0.417222 0.161806 0.136667
202 0.604167 0.399444 0.248611 0.163333
220 0.126042 0.390000 0.153472 0.155556
241 0.319792 0.508889 0.224306 0.202222
134 0.347917 0.305556 0.144444 0.237778
155 0.428472 0.601111 0.347222 0.388889
145 0.363194 0.245556 0.241667 0.253333
275 0.350000 0.490000 0.286111 0.111111
312 0.382639 0.358889 0.275000 0.186667
96 0.618056 0.105000 0.256944 0.143333
125 0.175694 0.413889 0.212500 0.178889