31 0.377431 0.176111 0.085417 0.047778
68 0.620139 0.280000 0.222222 0.422222
19 0.539583 0.263333 0.097222 0.048889
159 0.344097 0.161667 0.252083 0.194444
94 0.501736 0.358889 0.203472 0.220000
287 0.711458 0.465556 0.442361 0.111111
56 0.523611 0.313889 0.197222 0.078889
163 0.292014 0.349444 0.196528 0.227778
123 0.269444 0.437778 0.197222 0.186667
153 0.347222 0.236667 0.347222 0.388889
264 0.514236 0.347222 0.203472 0.145556
197 0.296528 0.230000 0.259722 0.260000
84 0.195486 0.225556 0.239583 0.124444
136 0.437847 0.341111 0.156250 0.224444
29 0.248611 0.321667 0.115278 0.041111
157 0.520833 0.330000 0.347222 0.388889
124 0.366667 0.339444 0.227778 0.250000