101 0.280556 0.306111 0.263889 0.276667
71 0.629167 0.201111 0.251389 0.171111
262 0.450347 0.232778 0.247917 0.161111
48 0.216319 0.240000 0.202083 0.088889
310 0.250000 0.291111 0.186111 0.204444
191 0.469792 0.423333 0.181250 0.220000
103 0.294792 0.167222 0.231250 0.125556
286 0.574306 0.236667 0.500000 0.177778
249 0.507986 0.147778 0.239583 0.251111
226 0.306250 0.362222 0.097222 0.048889
265 0.576042 0.408889 0.184028 0.144444
206 0.136806 0.318889 0.243056 0.077778
150 0.221181 0.160000 0.139583 0.155556
152 0.547569 0.503333 0.247917 0.153333
192 0.143403 0.466111 0.190972 0.116667
56 0.215972 0.324444 0.237500 0.088889
19 0.162500 0.292222 0.097222 0.048889
70 0.229861 0.440000 0.236111 0.177778
41 0.379167 0.193333 0.243056 0.077778
158 0.317361 0.422222 0.347222 0.388889
83 0.150347 0.141111 0.257639 0.195556
68 0.575694 0.625556 0.222222 0.422222
243 0.503125 0.164444 0.228472 0.228889
151 0.239583 0.164444 0.200000 0.277778
240 0.144792 0.252778 0.213194 0.150000