28 0.500000 0.064444 0.243056 0.077778
218 0.523958 0.180000 0.247917 0.186667
268 0.377431 0.491111 0.157639 0.231111
160 0.579167 0.141111 0.273611 0.148889
0 0.830556 0.107778 1.000000 0.066667
144 0.264583 0.180556 0.145833 0.152222
107 0.169097 0.578889 0.254861 0.271111
210 0.353125 0.511667 0.252083 0.236667
4 0.591319 0.280556 0.346528 0.110000
255 0.484375 0.483333 0.214583 0.273333
283 0.561458 0.111111 0.540972 0.168889
240 0.550694 0.290556 0.155556 0.158889
195 0.170833 0.320556 0.231944 0.252222
18 0.439583 0.469444 0.355556 0.112222