22 0.114583 0.164444 0.033333 0.053333
88 0.571181 0.165000 0.168750 0.241111
68 0.350000 0.243333 0.222222 0.422222
110 0.527778 0.486667 0.183333 0.266667
101 0.343056 0.528333 0.181944 0.258889
282 0.469097 0.137222 0.403472 0.185556
266 0.451389 0.230000 0.198611 0.155556
91 0.135069 0.477222 0.239583 0.143333
297 0.641667 0.297778 0.340278 0.146667
294 0.595833 0.197778 0.484722 0.208889
100 0.495139 0.215000 0.213889 0.221111
272 0.439931 0.100556 0.271528 0.121111
161 0.584028 0.299444 0.184722 0.176667
90 0.492361 0.244444 0.444444 0.444444
246 0.191319 0.305000 0.174306 0.274444
167 0.479167 0.303333 0.236111 0.182222
230 0.262500 0.263333 0.222222 0.422222
179 0.265625 0.493333 0.213194 0.144444
119 0.471528 0.393333 0.248611 0.115556