138 0.315625 0.245556 0.204861 0.144444
240 0.243750 0.303333 0.237500 0.142222
159 0.264583 0.470000 0.147222 0.193333
256 0.257986 0.430556 0.184028 0.256667
263 0.294444 0.371667 0.158333 0.216667
121 0.197222 0.358889 0.226389 0.231111
45 0.432986 0.372778 0.209028 0.087778
122 0.216667 0.309444 0.158333 0.238889
304 0.509375 0.543889 0.204861 0.276667
74 0.431250 0.468889 0.486111 0.266667
25 0.096528 0.343333 0.097222 0.048889
179 0.532986 0.466111 0.252083 0.218889
62 0.627083 0.163333 0.243056 0.077778
241 0.431250 0.551667 0.244444 0.263333
285 0.698958 0.297778 0.517361 0.137778