301 0.502431 0.245556 0.181250 0.240000
149 0.332639 0.420000 0.252778 0.404444
279 0.435417 0.353333 0.334722 0.208889
148 0.485764 0.192778 0.247917 0.183333
62 0.218056 0.104444 0.243056 0.077778
286 0.588889 0.187222 0.359722 0.136667
106 0.632292 0.412222 0.271528 0.191111
92 0.359375 0.367778 0.213194 0.180000
272 0.469792 0.187778 0.214583 0.213333
75 0.375000 0.546667 0.486111 0.266667
294 0.398264 0.286667 0.518750 0.188889
261 0.180208 0.497778 0.271528 0.217778
57 0.461806 0.294444 0.237500 0.097778
153 0.304167 0.323333 0.347222 0.388889