196 0.525347 0.487222 0.143750 0.112222
76 0.325000 0.292222 0.486111 0.266667
291 0.377431 0.199444 0.457639 0.118889
87 0.169792 0.156111 0.256250 0.185556
124 0.341319 0.334444 0.195139 0.195556
69 0.484028 0.472222 0.222222 0.422222
93 0.088542 0.109444 0.146528 0.150000
307 0.169097 0.236667 0.221528 0.277778
79 0.504167 0.280000 0.231944 0.268889
19 0.125694 0.404444 0.097222 0.048889
171 0.454167 0.373889 0.150000 0.178889
228 0.541667 0.287222 0.184722 0.203333
20 0.437500 0.144444 0.097222 0.048889
227 0.426736 0.319444 0.250694 0.156667
217 0.237500 0.216667 0.169444 0.197778
41 0.358333 0.073333 0.243056 0.077778
82 0.165278 0.457778 0.229167 0.177778
276 0.597569 0.367222 0.431250 0.194444
184 0.423958 0.473333 0.154861 0.137778
168 0.427083 0.470000 0.240278 0.157778
72 0.387500 0.330556 0.269444 0.147778
218 0.473264 0.185000 0.167361 0.172222
70 0.226042 0.369444 0.147917 0.265556
147 0.468750 0.322222 0.334722 0.535556