106 0.397222 0.433889 0.154167 0.201111
161 0.396875 0.361667 0.214583 0.152222
211 0.226736 0.317222 0.229861 0.225556
114 0.319444 0.245000 0.211111 0.141111
32 0.414931 0.070000 0.099306 0.051111
166 0.256250 0.313333 0.273611 0.182222
87 0.419097 0.365000 0.206250 0.230000
128 0.191667 0.455556 0.179167 0.151111
272 0.395833 0.270556 0.231944 0.261111
50 0.359375 0.198333 0.203472 0.101111
198 0.440972 0.196667 0.151389 0.244444
124 0.483333 0.481111 0.163889 0.204444
7 0.393056 0.574444 0.173611 0.555556
289 0.566667 0.270000 0.340278 0.095556
163 0.494792 0.462222 0.238194 0.144444
291 0.610417 0.183333 0.480556 0.175556
183 0.230208 0.203333 0.263194 0.237778
288 0.345139 0.281111 0.333333 0.220000
141 0.636458 0.352778 0.272917 0.258889