157 0.490972 0.617778 0.347222 0.388889
73 0.383681 0.515556 0.184028 0.271111
309 0.521181 0.481111 0.220139 0.208889
46 0.605556 0.267778 0.240278 0.066667
86 0.440625 0.493333 0.238194 0.206667
14 0.461111 0.341667 0.333333 0.190000
225 0.543056 0.047778 0.097222 0.048889
36 0.422222 0.251111 0.243056 0.077778
241 0.439931 0.279444 0.214583 0.214444
276 0.261111 0.117222 0.459722 0.125556
96 0.460417 0.317778 0.245833 0.215556
48 0.248958 0.103333 0.222917 0.077778
222 0.324653 0.162222 0.167361 0.251111
125 0.388194 0.427222 0.212500 0.121111
107 0.536806 0.308889 0.266667 0.237778