266 0.554514 0.162778 0.196528 0.127778
231 0.314931 0.258889 0.200694 0.268889
245 0.292708 0.322222 0.179861 0.195556
41 0.597222 0.321111 0.243056 0.077778
207 0.390278 0.280000 0.222222 0.422222
233 0.200347 0.483889 0.268750 0.210000
217 0.451042 0.243889 0.171528 0.147778
87 0.347222 0.479444 0.208333 0.176667
19 0.099306 0.272222 0.097222 0.048889
93 0.119792 0.466111 0.203472 0.172222
280 0.555903 0.405000 0.506250 0.070000
181 0.640972 0.302222 0.262500 0.120000
37 0.513194 0.328889 0.243056 0.077778
271 0.097222 0.475556 0.155556 0.268889
96 0.521528 0.272222 0.194444 0.220000
16 0.274306 0.135556 0.379167 0.140000
171 0.301042 0.268333 0.147917 0.276667