240 0.363194 0.500556 0.225000 0.201111
141 0.566319 0.443889 0.193750 0.196667
28 0.179167 0.090000 0.243056 0.077778
44 0.168750 0.206667 0.243056 0.077778
26 0.389583 0.082222 0.097222 0.048889
80 0.363194 0.471111 0.270833 0.220000
86 0.140972 0.266667 0.225000 0.182222
166 0.477431 0.412222 0.235417 0.215556
83 0.236806 0.502222 0.225000 0.231111
207 0.246528 0.318889 0.222222 0.422222
140 0.395833 0.283333 0.152778 0.264444
92 0.582986 0.491111 0.221528 0.217778
87 0.113889 0.201111 0.138889 0.177778
188 0.237847 0.312778 0.140972 0.263333
247 0.126736 0.239444 0.217361 0.172222
60 0.444097 0.197222 0.256250 0.101111
15 0.386806 0.328889 0.097222 0.048889
129 0.320833 0.318333 0.250000 0.230000
39 0.599306 0.092222 0.243056 0.077778
227 0.434028 0.206667 0.225000 0.120000
205 0.206597 0.301667 0.275694 0.152222
311 0.232639 0.207778 0.219444 0.128889