169 0.153472 0.482222 0.272222 0.191111
202 0.457292 0.444444 0.185417 0.202222
33 0.329167 0.341111 0.097222 0.048889
311 0.479861 0.496667 0.241667 0.140000
213 0.530556 0.273333 0.143056 0.168889
255 0.601042 0.339444 0.235417 0.172222
83 0.439236 0.176667 0.214583 0.240000
147 0.258333 0.637778 0.334722 0.535556
179 0.544097 0.159444 0.240972 0.132222
303 0.397569 0.191111 0.275694 0.255556
248 0.464583 0.330556 0.213889 0.214444
158 0.581944 0.262222 0.347222 0.388889
126 0.362500 0.176667 0.148611 0.268889
24 0.263194 0.304444 0.097222 0.048889
98 0.207986 0.207778 0.195139 0.135556