137 0.418056 0.142222 0.226389 0.113333
51 0.346875 0.231111 0.215972 0.088889
57 0.442361 0.078333 0.215278 0.072222
54 0.280208 0.320556 0.209028 0.096667
174 0.338194 0.090000 0.097222 0.048889
73 0.222569 0.503333 0.150694 0.208889
78 0.334375 0.219444 0.261806 0.223333
238 0.168750 0.500556 0.247222 0.265556
101 0.319792 0.526111 0.181250 0.274444
68 0.181250 0.380000 0.222222 0.422222
111 0.513889 0.168889 0.140278 0.126667
76 0.477778 0.173333 0.486111 0.266667
39 0.212500 0.305556 0.243056 0.077778
241 0.154861 0.503889 0.176389 0.234444
179 0.301736 0.423889 0.186806 0.205556
83 0.290625 0.356111 0.214583 0.256667
206 0.463194 0.234444 0.243056 0.077778
63 0.383333 0.554444 0.222222 0.422222