46 0.352778 0.211667 0.266667 0.092222
75 0.445139 0.167778 0.486111 0.266667
187 0.512847 0.387222 0.271528 0.276667
190 0.204167 0.096667 0.201389 0.135556
84 0.359375 0.282778 0.246528 0.187778
102 0.547222 0.501111 0.444444 0.444444
149 0.203472 0.228889 0.252778 0.404444
39 0.500694 0.247778 0.243056 0.077778
192 0.315278 0.446111 0.183333 0.256667
83 0.155903 0.513889 0.163194 0.178889
96 0.498611 0.152222 0.180556 0.168889
165 0.467708 0.385000 0.221528 0.258889
18 0.386458 0.423889 0.352083 0.196667
270 0.142361 0.449444 0.187500 0.265556
63 0.284028 0.416667 0.222222 0.422222
309 0.424653 0.301667 0.222917 0.116667
243 0.181597 0.250556 0.186806 0.238889