58 0.563542 0.235000 0.232639 0.087778
238 0.442708 0.241111 0.252083 0.142222
36 0.519444 0.398889 0.243056 0.077778
283 0.682986 0.167222 0.497917 0.090000
228 0.091319 0.261111 0.152083 0.115556
175 0.080556 0.274444 0.097222 0.048889
101 0.193750 0.410000 0.197222 0.117778
153 0.199306 0.243333 0.347222 0.388889
6 0.340972 0.187222 0.519444 0.178889
92 0.103125 0.404444 0.149306 0.248889
279 0.669444 0.502778 0.551389 0.194444
139 0.496528 0.260000 0.230556 0.195556
312 0.121528 0.566667 0.161111 0.260000
8 0.228472 0.601111 0.173611 0.555556
254 0.148611 0.308889 0.150000 0.217778
83 0.326042 0.211111 0.243750 0.211111
94 0.143403 0.174444 0.240972 0.200000
246 0.234722 0.218333 0.150000 0.127778
41 0.495833 0.328889 0.243056 0.077778
224 0.213889 0.171111 0.206944 0.137778
22 0.209028 0.208889 0.033333 0.053333