94 0.424653 0.420556 0.193750 0.241111
163 0.590972 0.143889 0.223611 0.227778
62 0.173611 0.398889 0.243056 0.077778
104 0.550000 0.407222 0.144444 0.247778
161 0.445139 0.438333 0.202778 0.134444
11 0.374653 0.273333 0.542361 0.137778
162 0.295139 0.373889 0.176389 0.238889
267 0.250347 0.283333 0.222917 0.255556
191 0.415278 0.254444 0.245833 0.255556
233 0.455903 0.456111 0.277083 0.272222
299 0.184028 0.536111 0.218056 0.223333
43 0.518056 0.363333 0.243056 0.077778
141 0.289236 0.111111 0.246528 0.142222
214 0.142708 0.412222 0.153472 0.193333
106 0.469097 0.112222 0.206250 0.180000
187 0.213542 0.410556 0.203472 0.207778
33 0.116667 0.181111 0.097222 0.048889
260 0.471875 0.322778 0.222917 0.138889
102 0.704167 0.397778 0.444444 0.444444
148 0.525694 0.221667 0.226389 0.218889