201 0.406250 0.227778 0.097222 0.048889
176 0.585069 0.342778 0.170139 0.145556
218 0.525694 0.137778 0.241667 0.144444
117 0.415278 0.473889 0.262500 0.201111
236 0.582986 0.492222 0.227083 0.253333
139 0.459028 0.317222 0.250000 0.198889
119 0.257986 0.300000 0.171528 0.137778
135 0.162847 0.174444 0.159028 0.193333
28 0.427083 0.213333 0.243056 0.077778
47 0.521528 0.265000 0.212500 0.096667
88 0.106597 0.412222 0.184028 0.268889
305 0.484722 0.455000 0.208333 0.254444
95 0.284028 0.100000 0.240278 0.146667
143 0.305903 0.368333 0.264583 0.267778
158 0.663889 0.484444 0.347222 0.388889
84 0.492014 0.532778 0.182639 0.176667
182 0.528125 0.507222 0.210417 0.198889
48 0.605208 0.381667 0.225694 0.101111
212 0.125694 0.118889 0.223611 0.137778
241 0.174653 0.310556 0.171528 0.267778
44 0.257639 0.180000 0.243056 0.077778