171 0.192708 0.477222 0.160417 0.223333
237 0.586111 0.348889 0.236111 0.124444
24 0.377083 0.178889 0.097222 0.048889
46 0.512153 0.088889 0.259028 0.097778
141 0.467361 0.170556 0.208333 0.274444
15 0.173611 0.225556 0.097222 0.048889
298 0.669097 0.438889 0.513194 0.197778
294 0.332986 0.387778 0.334028 0.084444
310 0.217361 0.390000 0.263889 0.253333
260 0.487847 0.292778 0.256250 0.203333
32 0.485417 0.359444 0.115278 0.050000
246 0.196181 0.466111 0.160417 0.276667
130 0.188194 0.126111 0.186111 0.178889
75 0.598611 0.493333 0.486111 0.266667
185 0.563542 0.265000 0.264583 0.258889