139 0.230903 0.463889 0.247917 0.136667
90 0.677778 0.417778 0.444444 0.444444
270 0.452778 0.108889 0.163889 0.146667
275 0.491319 0.408889 0.371528 0.086667
76 0.725000 0.411111 0.486111 0.266667
68 0.160417 0.325556 0.222222 0.422222
209 0.392014 0.304444 0.265972 0.237778
64 0.351389 0.527778 0.222222 0.422222
265 0.393056 0.374444 0.200000 0.117778
84 0.537500 0.332222 0.201389 0.182222
225 0.333333 0.313333 0.097222 0.048889
79 0.306944 0.437778 0.255556 0.142222
102 0.352778 0.417778 0.444444 0.444444
94 0.500347 0.366667 0.274306 0.144444
226 0.119444 0.391111 0.097222 0.048889
54 0.386458 0.430556 0.247917 0.085556
315 0.484375 0.247778 0.274306 0.235556
179 0.469097 0.468333 0.195139 0.252222
107 0.486458 0.237778 0.253472 0.260000
201 0.187500 0.111111 0.097222 0.048889
67 0.372917 0.558889 0.222222 0.422222