313 0.295833 0.478333 0.261111 0.216667
13 0.681597 0.428889 0.459028 0.186667
10 0.343056 0.380556 0.463889 0.150000
222 0.334028 0.271667 0.213889 0.261111
242 0.489236 0.412778 0.167361 0.183333
279 0.249306 0.225556 0.402778 0.091111
192 0.220833 0.300000 0.208333 0.268889
17 0.649653 0.447222 0.288194 0.203333
65 0.583333 0.276667 0.222222 0.422222
178 0.598958 0.158889 0.200694 0.220000
96 0.337153 0.117778 0.256250 0.131111
302 0.333333 0.305000 0.200000 0.265556
209 0.401042 0.192222 0.196528 0.142222
259 0.316667 0.287222 0.202778 0.250000
226 0.291667 0.380000 0.097222 0.048889
190 0.404514 0.293333 0.264583 0.182222
171 0.368750 0.223889 0.277778 0.245556
149 0.413194 0.343333 0.252778 0.404444
152 0.351736 0.241667 0.235417 0.136667