278 0.477431 0.477222 0.431250 0.132222
22 0.113194 0.154444 0.033333 0.053333
299 0.201736 0.313889 0.229861 0.125556
259 0.285069 0.280556 0.193750 0.270000
161 0.553125 0.170000 0.182639 0.233333
65 0.277083 0.638889 0.222222 0.422222
290 0.459722 0.420556 0.375000 0.096667
279 0.468056 0.488889 0.481944 0.217778
85 0.507292 0.403889 0.218750 0.178889
32 0.439931 0.401667 0.077083 0.047778
9 0.169444 0.533333 0.173611 0.555556
45 0.549306 0.103889 0.206944 0.081111
250 0.274306 0.316667 0.179167 0.175556