250 0.421181 0.248333 0.174306 0.216667
143 0.394097 0.465556 0.150694 0.164444
85 0.508681 0.412222 0.192361 0.175556
172 0.193056 0.528333 0.256944 0.232222
272 0.537847 0.263333 0.238194 0.248889
31 0.316667 0.120000 0.101389 0.051111
134 0.223264 0.285556 0.196528 0.204444
61 0.403819 0.352222 0.256250 0.108889
187 0.578125 0.371667 0.154861 0.192222
95 0.264583 0.170000 0.186111 0.188889
166 0.473958 0.268333 0.163194 0.196667
51 0.274306 0.111667 0.250000 0.096667
264 0.393056 0.477778 0.223611 0.262222
155 0.405556 0.612222 0.347222 0.388889
65 0.477083 0.625556 0.222222 0.422222
192 0.349653 0.142222 0.218750 0.128889
127 0.229861 0.393889 0.161111 0.236667
171 0.141667 0.352222 0.183333 0.148889
298 0.632986 0.520000 0.414583 0.162222
170 0.192361 0.164444 0.213889 0.197778