99 0.145833 0.113889 0.261111 0.125556
98 0.339583 0.190556 0.195833 0.116667
180 0.445139 0.251667 0.223611 0.130000
232 0.564931 0.311667 0.218750 0.190000
58 0.579167 0.416111 0.241667 0.096667
129 0.152778 0.343333 0.212500 0.160000
156 0.523611 0.497778 0.347222 0.388889
64 0.344444 0.432222 0.222222 0.422222
62 0.611806 0.118889 0.243056 0.077778
80 0.457986 0.361667 0.195139 0.227778
57 0.543750 0.240000 0.225000 0.108889
202 0.384028 0.191667 0.177778 0.223333
19 0.314583 0.451111 0.097222 0.048889
172 0.497222 0.477222 0.197222 0.116667
87 0.160417 0.432222 0.255556 0.275556
242 0.391667 0.337222 0.225000 0.212222
36 0.234722 0.303333 0.243056 0.077778
34 0.065278 0.300000 0.097222 0.048889
305 0.421181 0.145556 0.143750 0.208889
119 0.571528 0.561667 0.215278 0.238889