262 0.291667 0.501667 0.209722 0.147778
51 0.438194 0.340556 0.250000 0.096667
307 0.224306 0.225556 0.156944 0.171111
285 0.529167 0.166111 0.415278 0.201111
146 0.316319 0.317222 0.246528 0.150000
96 0.466667 0.418889 0.211111 0.237778
3 1.011111 0.426667 1.000000 0.066667
26 0.333333 0.126667 0.097222 0.048889
142 0.176736 0.571667 0.249306 0.272222
242 0.517014 0.212222 0.139583 0.273333
90 0.675000 0.616667 0.444444 0.444444
261 0.282986 0.194444 0.168750 0.224444
220 0.513889 0.457222 0.190278 0.214444
209 0.319792 0.230556 0.217361 0.223333
253 0.296875 0.379444 0.263194 0.263333
92 0.277778 0.265000 0.170833 0.243333
279 0.277778 0.105000 0.437500 0.147778
10 0.320139 0.223333 0.448611 0.140000
109 0.321528 0.460556 0.201389 0.270000
206 0.581250 0.476667 0.243056 0.077778
125 0.333333 0.279444 0.225000 0.143333
6 0.738542 0.111667 0.481250 0.150000
304 0.493750 0.398333 0.183333 0.152222
162 0.157986 0.220000 0.196528 0.273333
67 0.304167 0.553333 0.222222 0.422222