23 0.199306 0.230000 0.033333 0.053333
244 0.487500 0.337778 0.266667 0.202222
253 0.214931 0.230556 0.228472 0.236667
27 0.077778 0.202222 0.097222 0.048889
209 0.216319 0.481111 0.236806 0.120000
195 0.145139 0.250000 0.162500 0.144444
180 0.482292 0.303333 0.195139 0.264444
25 0.278472 0.337778 0.097222 0.048889
0 0.850694 0.240000 1.000000 0.066667
272 0.277431 0.501667 0.235417 0.123333
120 0.302778 0.158333 0.275000 0.136667
219 0.556944 0.382222 0.097222 0.048889
257 0.487847 0.190000 0.254861 0.193333
107 0.493750 0.314444 0.262500 0.177778