72 0.274306 0.342222 0.245833 0.133333
79 0.161111 0.223889 0.200000 0.196667
45 0.159375 0.133333 0.202083 0.082222
212 0.423611 0.547222 0.229167 0.270000
83 0.530556 0.141667 0.163889 0.218889
47 0.274653 0.335000 0.267361 0.094444
300 0.471528 0.537778 0.486111 0.266667
71 0.288889 0.373333 0.213889 0.206667
27 0.453472 0.298889 0.097222 0.048889
200 0.288194 0.326667 0.097222 0.048889
266 0.442708 0.185556 0.245139 0.162222
258 0.397917 0.426111 0.198611 0.138889
146 0.173611 0.146667 0.276389 0.211111
188 0.469792 0.110000 0.186806 0.168889
66 0.229167 0.342222 0.222222 0.422222
165 0.170833 0.490000 0.225000 0.204444
160 0.405208 0.220000 0.192361 0.113333
23 0.319444 0.214444 0.033333 0.053333