224 0.254514 0.520000 0.260417 0.151111
164 0.533681 0.196667 0.203472 0.226667
122 0.501736 0.500000 0.140972 0.168889
214 0.242014 0.374444 0.149306 0.260000
63 0.205556 0.613333 0.222222 0.422222
288 0.364931 0.377222 0.321528 0.121111
50 0.628472 0.416667 0.256944 0.093333
97 0.444097 0.244444 0.160417 0.177778
40 0.625694 0.213333 0.243056 0.077778
255 0.285417 0.452778 0.179167 0.194444
33 0.307639 0.468889 0.097222 0.048889
98 0.496528 0.188333 0.272222 0.214444
49 0.173958 0.480556 0.174306 0.107778
223 0.434028 0.401667 0.183333 0.245556
309 0.129861 0.387222 0.227778 0.183333
279 0.479514 0.347778 0.475694 0.100000
277 0.212500 0.136667 0.387500 0.146667
232 0.452778 0.463333 0.229167 0.264444
29 0.439583 0.316667 0.095833 0.044444
285 0.667708 0.330000 0.511806 0.208889
294 0.558681 0.549444 0.295139 0.210000
251 0.206250 0.514444 0.215278 0.171111
116 0.509722 0.467222 0.186111 0.170000
119 0.127431 0.103333 0.146528 0.162222