41 0.322222 0.247778 0.243056 0.077778
138 0.626042 0.457778 0.268750 0.251111
186 0.356250 0.477222 0.186111 0.236667
289 0.551042 0.418889 0.525694 0.148889
164 0.364583 0.333333 0.201389 0.224444
195 0.377778 0.292222 0.272222 0.244444
18 0.573958 0.393333 0.490972 0.084444
219 0.159028 0.265556 0.097222 0.048889
65 0.225000 0.581111 0.222222 0.422222
309 0.586111 0.467778 0.144444 0.162222
205 0.421181 0.357778 0.161806 0.213333
179 0.205903 0.414444 0.228472 0.228889
231 0.328472 0.267222 0.187500 0.183333
171 0.272569 0.143889 0.239583 0.127778
266 0.363194 0.346667 0.163889 0.197778
151 0.539236 0.457778 0.268750 0.197778
184 0.253125 0.139444 0.257639 0.125556
239 0.105903 0.440000 0.145139 0.253333
123 0.313194 0.433889 0.173611 0.156667
49 0.384722 0.415000 0.256944 0.094444