207 0.422222 0.391111 0.222222 0.422222
218 0.122917 0.496111 0.212500 0.263333
216 0.585417 0.163889 0.252778 0.130000
134 0.214236 0.221111 0.164583 0.242222
36 0.188194 0.343333 0.243056 0.077778
193 0.467361 0.228333 0.226389 0.190000
113 0.580903 0.197778 0.229861 0.168889
63 0.354861 0.270000 0.222222 0.422222
8 0.360417 0.683333 0.173611 0.555556
229 0.276736 0.217222 0.177083 0.256667
30 0.177778 0.304444 0.077778 0.040000
99 0.569792 0.248333 0.197917 0.218889
47 0.293056 0.417222 0.254167 0.072222
177 0.173611 0.375556 0.154167 0.177778
5 0.520833 0.372778 0.381944 0.105556
260 0.247569 0.353889 0.253472 0.176667
41 0.283333 0.184444 0.243056 0.077778
153 0.193750 0.418889 0.347222 0.388889
38 0.457639 0.476667 0.243056 0.077778
88 0.548611 0.316667 0.243056 0.244444
15 0.106944 0.218889 0.097222 0.048889
261 0.268750 0.497222 0.202778 0.167778
285 0.190278 0.372222 0.336111 0.104444
65 0.563194 0.501111 0.222222 0.422222
106 0.518750 0.482222 0.148611 0.233333