264 0.390625 0.451667 0.165972 0.192222
239 0.548958 0.413333 0.217361 0.120000
268 0.341667 0.470000 0.163889 0.231111
35 0.211806 0.411111 0.097222 0.048889
165 0.440625 0.158333 0.184028 0.187778
99 0.203125 0.197778 0.167361 0.226667
256 0.387847 0.531111 0.274306 0.193333
304 0.152778 0.406111 0.247222 0.274444
117 0.277778 0.353333 0.197222 0.257778
277 0.362847 0.333333 0.439583 0.206667
315 0.194097 0.291111 0.210417 0.268889
100 0.602083 0.357778 0.276389 0.206667
77 0.406944 0.175556 0.486111 0.266667
307 0.202083 0.375000 0.143056 0.181111
20 0.070833 0.228889 0.097222 0.048889
182 0.360069 0.406667 0.182639 0.242222
11 0.442361 0.343889 0.381944 0.070000
60 0.334722 0.220556 0.263889 0.067778