124 0.226042 0.327778 0.164583 0.262222
305 0.509028 0.179444 0.230556 0.170000
29 0.417361 0.068333 0.113889 0.043333
185 0.555903 0.322222 0.235417 0.182222
33 0.238194 0.388889 0.097222 0.048889
217 0.209375 0.397778 0.259028 0.180000
206 0.559722 0.440000 0.243056 0.077778
24 0.489583 0.421111 0.097222 0.048889
275 0.496875 0.121667 0.385417 0.070000
56 0.592361 0.331111 0.205556 0.073333
216 0.223264 0.166667 0.247917 0.268889
201 0.466667 0.278889 0.097222 0.048889
241 0.585764 0.253333 0.196528 0.268889
133 0.518750 0.304444 0.201389 0.115556
228 0.310417 0.267778 0.258333 0.111111
313 0.562153 0.418333 0.256250 0.194444
208 0.624653 0.373333 0.242361 0.133333
74 0.345139 0.478889 0.486111 0.266667
218 0.560417 0.215000 0.266667 0.163333
137 0.238194 0.226667 0.169444 0.204444