156 0.570139 0.475556 0.347222 0.388889
112 0.495139 0.306111 0.143056 0.270000
42 0.226389 0.343333 0.243056 0.077778
190 0.305903 0.250000 0.172917 0.237778
298 0.546875 0.398333 0.390972 0.070000
52 0.522569 0.171111 0.238194 0.091111
37 0.218750 0.186667 0.243056 0.077778
90 0.511111 0.450000 0.444444 0.444444
4 0.462847 0.374444 0.460417 0.080000
86 0.270486 0.117778 0.167361 0.113333
247 0.127778 0.442778 0.200000 0.167778
164 0.275694 0.336111 0.138889 0.216667
151 0.290972 0.241667 0.222222 0.183333
207 0.513889 0.575556 0.222222 0.422222
265 0.560069 0.186111 0.257639 0.192222
108 0.523264 0.522222 0.154861 0.193333
300 0.742361 0.380000 0.486111 0.266667