104 0.337847 0.372778 0.172917 0.256667
13 0.435417 0.372778 0.388889 0.094444
202 0.283333 0.354444 0.165278 0.248889
40 0.222222 0.258889 0.243056 0.077778
258 0.522569 0.414444 0.170139 0.217778
66 0.220139 0.268889 0.222222 0.422222
166 0.368750 0.463889 0.144444 0.183333
110 0.384722 0.200000 0.141667 0.277778
260 0.118403 0.521111 0.152083 0.224444
43 0.506944 0.407778 0.243056 0.077778
77 0.664583 0.317778 0.486111 0.266667
27 0.475000 0.165556 0.097222 0.048889
288 0.571875 0.405556 0.300694 0.068889
217 0.530556 0.371667 0.152778 0.247778
83 0.426042 0.504444 0.157639 0.213333
189 0.267361 0.342778 0.237500 0.114444
16 0.395139 0.199444 0.426389 0.107778
196 0.307292 0.232222 0.165972 0.186667
167 0.110764 0.481667 0.174306 0.267778
210 0.144444 0.165000 0.161111 0.207778
277 0.182639 0.305556 0.329167 0.206667
276 0.235764 0.323333 0.296528 0.097778
35 0.451389 0.160000 0.097222 0.048889