96 0.138889 0.493889 0.161111 0.112222
125 0.256597 0.293333 0.209028 0.253333
206 0.632639 0.302222 0.243056 0.077778
36 0.227778 0.123333 0.243056 0.077778
241 0.143403 0.532778 0.232639 0.176667
168 0.243056 0.192778 0.219444 0.221111
141 0.552431 0.515000 0.204861 0.181111
242 0.322569 0.140000 0.234028 0.140000
70 0.221181 0.373889 0.196528 0.196667
214 0.382986 0.120000 0.245139 0.184444
177 0.577083 0.458333 0.168056 0.176667
87 0.559722 0.143889 0.229167 0.138889
21 0.231944 0.365556 0.097222 0.048889
196 0.142014 0.557222 0.203472 0.276667
255 0.154167 0.155000 0.163889 0.207778