191 0.553819 0.287222 0.170139 0.121111
179 0.103472 0.223889 0.143056 0.232222
178 0.367361 0.148889 0.230556 0.215556
274 0.191667 0.168333 0.222222 0.201111
113 0.435069 0.370556 0.160417 0.125556
14 0.456944 0.430556 0.511111 0.132222
98 0.200000 0.105556 0.213889 0.126667
7 0.190278 0.577778 0.173611 0.555556
45 0.201389 0.366667 0.197222 0.088889
67 0.350694 0.604444 0.222222 0.422222
278 0.266319 0.448333 0.440972 0.114444
249 0.270833 0.303333 0.186111 0.233333
302 0.584722 0.527222 0.230556 0.230000
213 0.602431 0.112778 0.235417 0.138889
72 0.188542 0.263333 0.178472 0.177778
30 0.252431 0.308889 0.092361 0.053333