316 0.528472 0.525000 0.270833 0.172222
257 0.637847 0.308889 0.254861 0.146667
89 0.214583 0.266667 0.151389 0.120000
200 0.352083 0.331111 0.097222 0.048889
118 0.185764 0.371667 0.249306 0.138889
159 0.313194 0.252222 0.202778 0.200000
304 0.166319 0.477222 0.192361 0.276667
100 0.369792 0.213333 0.174306 0.224444
160 0.177778 0.518889 0.148611 0.224444
155 0.208333 0.474444 0.347222 0.388889
103 0.385764 0.553333 0.139583 0.235556
104 0.523611 0.223889 0.168056 0.243333
136 0.190972 0.200000 0.193056 0.186667
191 0.551389 0.532222 0.209722 0.204444
181 0.419444 0.477222 0.240278 0.216667
217 0.293056 0.567222 0.187500 0.270000
69 0.526389 0.643333 0.222222 0.422222
258 0.277431 0.160000 0.218750 0.175556
95 0.578472 0.336111 0.240278 0.238889
64 0.204861 0.503333 0.222222 0.422222
234 0.609722 0.214444 0.270833 0.164444
295 0.654861 0.381667 0.544444 0.170000
224 0.497222 0.266667 0.227778 0.146667
123 0.415625 0.471667 0.260417 0.138889