255 0.364236 0.178889 0.210417 0.144444
191 0.475000 0.309444 0.261111 0.256667
248 0.253125 0.368889 0.236806 0.157778
212 0.338542 0.366111 0.231250 0.250000
314 0.424653 0.239444 0.139583 0.250000
246 0.403125 0.282778 0.171528 0.245556
80 0.647917 0.505000 0.268056 0.207778
146 0.485417 0.538889 0.255556 0.244444
4 0.428472 0.209444 0.518056 0.210000
27 0.260417 0.162222 0.097222 0.048889
195 0.107986 0.187778 0.175694 0.180000
307 0.400694 0.517222 0.175000 0.205556
52 0.533333 0.125000 0.268056 0.107778
315 0.515972 0.101667 0.215278 0.130000
9 0.389583 0.544444 0.173611 0.555556
61 0.191319 0.093889 0.275694 0.070000
130 0.225347 0.395000 0.193750 0.152222
62 0.506944 0.108889 0.243056 0.077778
114 0.432639 0.533333 0.229167 0.208889
302 0.322917 0.231111 0.205556 0.251111
28 0.531250 0.370000 0.243056 0.077778
227 0.351042 0.090000 0.213194 0.113333
273 0.228472 0.487778 0.273611 0.180000
43 0.523611 0.203333 0.243056 0.077778
107 0.522917 0.377778 0.259722 0.175556