98 0.364931 0.380000 0.253472 0.195556
142 0.139931 0.440000 0.231250 0.146667
283 0.532986 0.186111 0.484028 0.134444
239 0.336458 0.110556 0.213194 0.138889
303 0.601389 0.311667 0.238889 0.185556
28 0.340278 0.142222 0.243056 0.077778
288 0.193403 0.133889 0.359028 0.152222
111 0.244444 0.365556 0.244444 0.153333
205 0.468403 0.458889 0.215972 0.122222
240 0.508333 0.222222 0.190278 0.131111
95 0.118403 0.124444 0.171528 0.182222
1 0.656944 0.153333 1.000000 0.066667
139 0.288194 0.208889 0.150000 0.237778