63 0.388889 0.526667 0.222222 0.422222
176 0.235764 0.185556 0.222917 0.260000
61 0.506250 0.156667 0.265278 0.077778
180 0.647917 0.165556 0.269444 0.160000
259 0.276042 0.175556 0.222917 0.268889
15 0.169444 0.144444 0.097222 0.048889
100 0.180903 0.238333 0.161806 0.212222
75 0.447917 0.301111 0.486111 0.266667
293 0.429167 0.131111 0.523611 0.153333
290 0.681250 0.443333 0.444444 0.068889
25 0.235417 0.187778 0.097222 0.048889
108 0.192361 0.323889 0.256944 0.221111
202 0.113542 0.225000 0.190972 0.225556
158 0.598611 0.434444 0.347222 0.388889
60 0.476736 0.198333 0.236806 0.090000
279 0.633681 0.431111 0.479861 0.155556
252 0.255556 0.445556 0.218056 0.182222
19 0.164583 0.248889 0.097222 0.048889
262 0.295486 0.442778 0.272917 0.132222
85 0.368403 0.355000 0.154861 0.163333
276 0.275694 0.118889 0.455556 0.120000