80 0.266319 0.452778 0.235417 0.236667
308 0.122222 0.313333 0.165278 0.260000
125 0.386806 0.322222 0.234722 0.264444
239 0.567014 0.203889 0.203472 0.216667
50 0.615278 0.173889 0.205556 0.087778
248 0.122917 0.281667 0.176389 0.138889
291 0.417708 0.355000 0.442361 0.072222
158 0.244444 0.638889 0.347222 0.388889
209 0.388542 0.188889 0.270139 0.191111
31 0.379861 0.049444 0.091667 0.043333
254 0.588889 0.156111 0.230556 0.192222
104 0.235764 0.318889 0.268750 0.240000
5 0.544444 0.511667 0.388889 0.178889
119 0.243750 0.162222 0.179167 0.133333