293 0.331597 0.132222 0.492361 0.137778
261 0.528472 0.171111 0.193056 0.242222
272 0.286111 0.510000 0.150000 0.193333
103 0.522569 0.300556 0.259028 0.178889
279 0.336111 0.096111 0.329167 0.130000
284 0.360417 0.526111 0.308333 0.163333
159 0.597222 0.374444 0.231944 0.206667
276 0.611806 0.427222 0.530556 0.214444
108 0.605208 0.501111 0.186806 0.228889
224 0.475000 0.095556 0.197222 0.135556
186 0.214236 0.175000 0.246528 0.165556
233 0.629861 0.258889 0.252778 0.115556
217 0.542014 0.356111 0.163194 0.167778
118 0.235069 0.419444 0.245139 0.236667
157 0.209722 0.255556 0.347222 0.388889
78 0.529514 0.483333 0.175694 0.184444