154 0.584028 0.633333 0.347222 0.388889
85 0.224306 0.366111 0.230556 0.227778
171 0.454861 0.238889 0.183333 0.133333
219 0.472917 0.353333 0.097222 0.048889
288 0.626042 0.255556 0.543750 0.208889
256 0.375347 0.125000 0.232639 0.156667
68 0.311111 0.336667 0.222222 0.422222
238 0.516319 0.425556 0.259028 0.208889
280 0.555208 0.526667 0.395139 0.175556
213 0.395833 0.345556 0.172222 0.211111
39 0.194444 0.281111 0.243056 0.077778
97 0.141319 0.331667 0.178472 0.261111
233 0.455903 0.170556 0.184028 0.225556
20 0.488889 0.362222 0.097222 0.048889
81 0.254167 0.146667 0.269444 0.242222
285 0.439236 0.263333 0.404861 0.213333
313 0.197222 0.148889 0.179167 0.128889
131 0.496528 0.147778 0.252778 0.197778
192 0.526042 0.513333 0.143750 0.186667
77 0.568056 0.403333 0.486111 0.266667
291 0.537153 0.326667 0.381250 0.097778
70 0.456250 0.441111 0.195833 0.186667
63 0.517361 0.291111 0.222222 0.422222
29 0.504861 0.298333 0.093056 0.041111
26 0.091667 0.421111 0.097222 0.048889