26 0.298611 0.071111 0.097222 0.048889
208 0.260417 0.409444 0.244444 0.272222
29 0.230556 0.175000 0.077778 0.043333
231 0.289236 0.218333 0.206250 0.178889
113 0.105556 0.441667 0.147222 0.221111
165 0.575347 0.281667 0.222917 0.203333
144 0.515625 0.275556 0.260417 0.211111
279 0.623264 0.309444 0.299306 0.187778
220 0.207292 0.151667 0.265972 0.134444
270 0.249306 0.275000 0.258333 0.210000
89 0.289583 0.090000 0.238889 0.115556
127 0.545139 0.110000 0.226389 0.115556
257 0.217708 0.430556 0.160417 0.270000
106 0.255208 0.492222 0.207639 0.180000
72 0.391667 0.271667 0.225000 0.190000
54 0.548264 0.431111 0.215972 0.104444
61 0.347917 0.497222 0.248611 0.105556
97 0.239583 0.178889 0.245833 0.168889
176 0.380556 0.098889 0.223611 0.137778
288 0.515625 0.473333 0.482639 0.195556
198 0.377431 0.309444 0.145139 0.243333