194 0.218750 0.181111 0.240278 0.175556
94 0.425694 0.296667 0.165278 0.275556
152 0.328819 0.247778 0.139583 0.222222
266 0.302778 0.459444 0.269444 0.238889
64 0.506250 0.540000 0.222222 0.422222
220 0.354167 0.230556 0.219444 0.272222
222 0.433681 0.260556 0.195139 0.241111
227 0.599653 0.275556 0.250694 0.273333
231 0.252431 0.517222 0.142361 0.185556
178 0.271528 0.278889 0.236111 0.224444
87 0.570486 0.443889 0.149306 0.230000
2 0.911111 0.240000 1.000000 0.066667
197 0.544444 0.263889 0.188889 0.196667
267 0.144444 0.291111 0.200000 0.262222
31 0.287153 0.258333 0.079861 0.045556