123 0.458333 0.135556 0.243056 0.144444
86 0.271875 0.175556 0.272917 0.157778
53 0.568403 0.359444 0.245139 0.094444
28 0.184722 0.426667 0.243056 0.077778
146 0.210417 0.366667 0.147222 0.182222
187 0.537153 0.422778 0.172917 0.190000
90 0.257639 0.311111 0.444444 0.444444
35 0.344444 0.273333 0.097222 0.048889
55 0.330556 0.270000 0.265278 0.097778
303 0.532292 0.306111 0.185417 0.218889
297 0.272222 0.252778 0.376389 0.203333
280 0.731250 0.397778 0.536111 0.095556
243 0.236806 0.313333 0.251389 0.197778
100 0.150347 0.333889 0.181250 0.258889
226 0.293750 0.317778 0.097222 0.048889
54 0.482986 0.283889 0.184028 0.085556
235 0.519444 0.211111 0.212500 0.246667
151 0.324653 0.193889 0.174306 0.196667
182 0.460069 0.531111 0.184028 0.246667
140 0.128819 0.153889 0.213194 0.205556
163 0.475000 0.167222 0.269444 0.141111
159 0.343750 0.223333 0.147222 0.242222
14 0.564931 0.451667 0.278472 0.212222
62 0.525000 0.130000 0.243056 0.077778