9 0.190972 0.538889 0.173611 0.555556
294 0.437500 0.241111 0.420833 0.195556
109 0.580208 0.309444 0.159028 0.127778
189 0.525694 0.443333 0.237500 0.193333
134 0.255556 0.266111 0.248611 0.205556
21 0.186111 0.328889 0.097222 0.048889
238 0.435417 0.428889 0.269444 0.180000
8 0.553472 0.554444 0.173611 0.555556
130 0.281250 0.140556 0.211111 0.201111
26 0.180556 0.298889 0.097222 0.048889
119 0.617361 0.219444 0.262500 0.210000
265 0.149653 0.463333 0.221528 0.153333
92 0.229514 0.296667 0.203472 0.124444
96 0.444444 0.159444 0.262500 0.121111
212 0.172222 0.368889 0.195833 0.271111
233 0.436806 0.442778 0.259722 0.254444
35 0.163889 0.236667 0.097222 0.048889
292 0.523264 0.356111 0.506250 0.167778
85 0.133333 0.417778 0.209722 0.204444
315 0.352778 0.357778 0.238889 0.186667
136 0.366667 0.171111 0.197222 0.188889