131 0.419097 0.175000 0.153472 0.187778
87 0.530556 0.342222 0.241667 0.166667
258 0.461111 0.288889 0.265278 0.237778
174 0.309028 0.173333 0.097222 0.048889
247 0.120139 0.183889 0.200000 0.138889
96 0.126736 0.247222 0.164583 0.152222
88 0.142708 0.483333 0.149306 0.133333
72 0.580903 0.258889 0.159028 0.124444
132 0.579514 0.461111 0.213194 0.137778
206 0.291667 0.092222 0.243056 0.077778
294 0.621875 0.325556 0.488194 0.168889
312 0.508681 0.261111 0.146528 0.133333
276 0.594444 0.320000 0.491667 0.171111