216 0.460069 0.158889 0.245139 0.253333
274 0.290278 0.473333 0.173611 0.260000
10 0.280556 0.500556 0.531944 0.116667
39 0.475000 0.174444 0.243056 0.077778
75 0.721528 0.533333 0.486111 0.266667
9 0.292361 0.480000 0.173611 0.555556
44 0.329861 0.115556 0.243056 0.077778
120 0.208681 0.423889 0.253472 0.230000
92 0.204861 0.211667 0.159722 0.276667
314 0.481944 0.375556 0.277778 0.142222
99 0.440278 0.181667 0.250000 0.192222
229 0.460069 0.559444 0.242361 0.270000
127 0.364236 0.408333 0.264583 0.256667
310 0.139583 0.277222 0.173611 0.254444
37 0.506250 0.258889 0.243056 0.077778