138 0.564583 0.140000 0.181944 0.213333
48 0.543403 0.288889 0.211806 0.100000
143 0.340972 0.099444 0.230556 0.112222
190 0.421528 0.558889 0.202778 0.262222
224 0.176736 0.226111 0.203472 0.241111
8 0.473611 0.504444 0.173611 0.555556
98 0.368750 0.302222 0.233333 0.224444
93 0.139931 0.217222 0.168750 0.236667
153 0.620833 0.328889 0.347222 0.388889
17 0.335069 0.163889 0.436806 0.138889
169 0.210764 0.426111 0.214583 0.132222
12 0.402778 0.352778 0.476389 0.198889
291 0.323264 0.491667 0.435417 0.176667
272 0.550694 0.199444 0.238889 0.143333
79 0.557639 0.500000 0.161111 0.146667
283 0.628819 0.505000 0.409028 0.161111
195 0.539236 0.283889 0.177083 0.276667
73 0.209028 0.438889 0.209722 0.244444
309 0.541319 0.527222 0.179861 0.274444
167 0.514931 0.322778 0.225694 0.134444
122 0.167014 0.208889 0.190972 0.273333
166 0.370486 0.513333 0.190972 0.197778
248 0.307639 0.484444 0.161111 0.182222