296 0.691319 0.384444 0.397917 0.124444
152 0.570139 0.196667 0.238889 0.164444
3 0.627083 0.386667 1.000000 0.066667
1 0.948611 0.257778 1.000000 0.066667
59 0.137847 0.361667 0.228472 0.087778
209 0.407639 0.245000 0.188889 0.163333
43 0.356944 0.381111 0.243056 0.077778
212 0.249653 0.213889 0.231250 0.163333
45 0.285417 0.133889 0.204167 0.070000
249 0.585069 0.276667 0.275694 0.177778
86 0.117361 0.218889 0.173611 0.222222
203 0.186111 0.148333 0.179167 0.130000
171 0.404861 0.185556 0.236111 0.217778
63 0.204861 0.340000 0.222222 0.422222
312 0.400000 0.203889 0.220833 0.147778
230 0.421528 0.612222 0.222222 0.422222
71 0.575347 0.528333 0.222917 0.270000
167 0.201736 0.534444 0.221528 0.271111
210 0.393750 0.115556 0.206944 0.131111
107 0.555208 0.392778 0.218750 0.221111