264 0.564236 0.473889 0.184028 0.234444
133 0.426736 0.375000 0.199306 0.263333
71 0.504167 0.408889 0.259722 0.222222
107 0.304861 0.225556 0.187500 0.206667
312 0.513542 0.267222 0.245139 0.221111
281 0.691319 0.433333 0.495139 0.157778
120 0.544792 0.320556 0.195139 0.158889
210 0.517708 0.235556 0.163194 0.213333
158 0.537500 0.523333 0.347222 0.388889
7 0.277778 0.455556 0.173611 0.555556
160 0.415278 0.118889 0.138889 0.140000
200 0.128472 0.154444 0.097222 0.048889
230 0.209722 0.604444 0.222222 0.422222
128 0.609028 0.182222 0.212500 0.206667
103 0.155208 0.317222 0.214583 0.270000
211 0.417708 0.187222 0.147917 0.176667
287 0.219792 0.233889 0.295139 0.185556
119 0.602083 0.485000 0.195833 0.272222