299 0.492708 0.192222 0.200694 0.117778
63 0.527083 0.486667 0.222222 0.422222
141 0.579861 0.535556 0.187500 0.248889
91 0.207639 0.209444 0.206944 0.181111
71 0.147569 0.373889 0.184028 0.267778
139 0.194097 0.313333 0.263194 0.253333
114 0.320139 0.251111 0.181944 0.180000
109 0.403125 0.216667 0.159028 0.226667
242 0.219792 0.336667 0.178472 0.215556
313 0.365972 0.250556 0.258333 0.194444
189 0.449306 0.548333 0.145833 0.261111
238 0.455556 0.237222 0.148611 0.192222
205 0.464236 0.367778 0.274306 0.255556