238 0.226736 0.187778 0.182639 0.211111
205 0.492014 0.298333 0.242361 0.274444
51 0.267708 0.093333 0.268750 0.066667
99 0.305903 0.296667 0.159028 0.133333
18 0.267014 0.393889 0.364583 0.192222
228 0.528472 0.220000 0.225000 0.180000
218 0.286806 0.570556 0.170833 0.267778
142 0.505903 0.360000 0.263194 0.175556
96 0.152778 0.232222 0.148611 0.260000
156 0.613194 0.380000 0.347222 0.388889
290 0.385069 0.338333 0.390972 0.198889
300 0.538194 0.296667 0.486111 0.266667
262 0.512500 0.447222 0.241667 0.265556
146 0.469444 0.178333 0.263889 0.198889
11 0.649653 0.380556 0.302083 0.092222
10 0.417361 0.455000 0.452778 0.143333
112 0.618056 0.232778 0.276389 0.245556
52 0.577778 0.131667 0.268056 0.098889
62 0.635417 0.475556 0.243056 0.077778
63 0.380556 0.626667 0.222222 0.422222
271 0.545833 0.490556 0.233333 0.265556
233 0.470486 0.117222 0.270139 0.163333