69 0.190972 0.314444 0.222222 0.422222
145 0.623611 0.156111 0.240278 0.194444
2 0.559722 0.082222 1.000000 0.066667
1 0.718056 0.408889 1.000000 0.066667
130 0.350694 0.482222 0.233333 0.277778
261 0.182639 0.523333 0.247222 0.191111
100 0.339236 0.329444 0.186806 0.232222
30 0.103819 0.238889 0.074306 0.051111
167 0.609375 0.301667 0.243750 0.158889
21 0.398611 0.405556 0.097222 0.048889
268 0.219097 0.399444 0.238194 0.225556
314 0.531597 0.386111 0.267361 0.136667
209 0.494097 0.378333 0.203472 0.205556
202 0.470486 0.160556 0.146528 0.241111
11 0.555556 0.095000 0.443056 0.134444
154 0.649306 0.412222 0.347222 0.388889
98 0.230208 0.417778 0.192361 0.273333
55 0.262847 0.400000 0.272917 0.102222
296 0.412847 0.173333 0.453472 0.217778
60 0.481944 0.488333 0.211111 0.107778
0 0.535417 0.450000 1.000000 0.066667
160 0.151042 0.367222 0.232639 0.178889
189 0.569097 0.473333 0.190972 0.124444
110 0.435764 0.237778 0.220139 0.255556
103 0.575000 0.466667 0.245833 0.220000