284 0.289236 0.082778 0.527083 0.074444
307 0.170139 0.541667 0.140278 0.256667
210 0.270139 0.215000 0.163889 0.187778
306 0.248958 0.421667 0.153472 0.130000
115 0.485417 0.280000 0.187500 0.200000
195 0.443750 0.191667 0.220833 0.210000
0 0.957639 0.093333 1.000000 0.066667
19 0.173611 0.125556 0.097222 0.048889
262 0.367014 0.358889 0.260417 0.200000
212 0.519097 0.346667 0.215972 0.120000
308 0.320486 0.316111 0.150694 0.141111
32 0.454167 0.341111 0.077778 0.048889
104 0.478472 0.234444 0.229167 0.157778
231 0.470139 0.448889 0.187500 0.248889
259 0.435764 0.259444 0.190972 0.141111
251 0.613542 0.267222 0.242361 0.210000
246 0.512847 0.441111 0.250694 0.271111
173 0.447222 0.411111 0.097222 0.048889
297 0.485764 0.434444 0.485417 0.157778
254 0.571875 0.345000 0.249306 0.158889
139 0.205556 0.448333 0.226389 0.272222