48 0.602431 0.367778 0.231250 0.084444
153 0.492361 0.511111 0.347222 0.388889
275 0.581597 0.355556 0.452083 0.217778
312 0.388194 0.488889 0.141667 0.144444
58 0.618056 0.100556 0.268056 0.110000
16 0.290972 0.361667 0.361111 0.216667
52 0.412153 0.079444 0.252083 0.092222
272 0.181250 0.377778 0.237500 0.277778
129 0.511806 0.187778 0.143056 0.226667
106 0.307986 0.505000 0.213194 0.216667
92 0.172569 0.399444 0.271528 0.134444
197 0.340625 0.271111 0.227083 0.173333
221 0.429861 0.247778 0.250000 0.240000
83 0.459722 0.471667 0.159722 0.178889
96 0.213889 0.208889 0.275000 0.173333