239 0.247917 0.389444 0.247222 0.176667
143 0.318403 0.127222 0.171528 0.174444
30 0.480556 0.407222 0.116667 0.041111
193 0.255556 0.360000 0.252778 0.240000
74 0.440278 0.378889 0.486111 0.266667
230 0.416667 0.557778 0.222222 0.422222
306 0.374653 0.156111 0.211806 0.265556
79 0.323264 0.375556 0.264583 0.122222
24 0.533333 0.087778 0.097222 0.048889
23 0.255556 0.234444 0.033333 0.053333
173 0.070139 0.377778 0.097222 0.048889
117 0.242708 0.488333 0.197917 0.147778
7 0.452083 0.707778 0.173611 0.555556
3 0.775000 0.175556 1.000000 0.066667
167 0.534722 0.260556 0.248611 0.127778
314 0.153472 0.491111 0.200000 0.235556
272 0.189931 0.416667 0.139583 0.175556
242 0.561806 0.211111 0.154167 0.202222
60 0.185764 0.172778 0.179861 0.076667
29 0.526389 0.263889 0.080556 0.050000
34 0.406250 0.255556 0.097222 0.048889
92 0.480903 0.251111 0.150694 0.197778
19 0.418750 0.313333 0.097222 0.048889
114 0.354514 0.306667 0.202083 0.180000