6 0.600000 0.382222 0.301389 0.106667
276 0.488889 0.113889 0.366667 0.143333
114 0.603125 0.302778 0.220139 0.276667
227 0.556597 0.162778 0.139583 0.181111
286 0.407986 0.203889 0.449306 0.172222
275 0.696181 0.117222 0.503472 0.076667
46 0.437153 0.176667 0.253472 0.091111
217 0.286458 0.153333 0.264583 0.228889
254 0.251389 0.235556 0.277778 0.217778
47 0.602778 0.435556 0.202778 0.104444
139 0.357292 0.196111 0.168750 0.176667
236 0.120833 0.252222 0.180556 0.197778
256 0.557292 0.425556 0.220139 0.237778
54 0.283333 0.394444 0.206944 0.091111
277 0.201736 0.060000 0.363194 0.066667
224 0.471528 0.539444 0.161111 0.205556
151 0.502083 0.142222 0.201389 0.231111
28 0.634028 0.347778 0.243056 0.077778
153 0.340278 0.526667 0.347222 0.388889
142 0.422569 0.365556 0.181250 0.117778
30 0.157639 0.295556 0.112500 0.044444
187 0.205903 0.551111 0.207639 0.226667
146 0.330208 0.402222 0.193750 0.135556
173 0.195139 0.053333 0.097222 0.048889
270 0.514583 0.287222 0.218056 0.201111