92 0.290625 0.362222 0.181250 0.177778
61 0.506250 0.253333 0.251389 0.066667
178 0.534028 0.417222 0.190278 0.205556
297 0.431597 0.373333 0.385417 0.080000
45 0.175000 0.441667 0.226389 0.105556
14 0.530208 0.438333 0.415972 0.187778
116 0.231597 0.173889 0.200694 0.227778
232 0.358333 0.233889 0.277778 0.178889
261 0.390972 0.275556 0.229167 0.160000
246 0.243056 0.302222 0.138889 0.177778
22 0.237500 0.050000 0.033333 0.053333
204 0.135069 0.158889 0.147917 0.166667
111 0.203819 0.521667 0.185417 0.196667
102 0.529861 0.291111 0.444444 0.444444