260 0.395833 0.171111 0.220833 0.124444
129 0.424653 0.154444 0.182639 0.166667
197 0.137500 0.413333 0.173611 0.122222
181 0.194792 0.196667 0.204861 0.246667
223 0.280208 0.475556 0.181250 0.188889
240 0.360764 0.144444 0.247917 0.126667
115 0.162847 0.408889 0.245139 0.253333
271 0.477778 0.213333 0.233333 0.277778
289 0.660764 0.379444 0.353472 0.161111
309 0.312153 0.443889 0.146528 0.123333
161 0.599306 0.467222 0.195833 0.261111
54 0.261458 0.124444 0.207639 0.106667
301 0.160069 0.126667 0.178472 0.177778
25 0.216667 0.452222 0.097222 0.048889
190 0.239931 0.107222 0.253472 0.121111
234 0.571181 0.180000 0.170139 0.255556
17 0.385417 0.118889 0.375000 0.108889