114 0.415278 0.555000 0.243056 0.256667
258 0.241319 0.446111 0.240972 0.261111
170 0.114931 0.365556 0.150694 0.155556
195 0.166319 0.367222 0.165972 0.198889
5 0.643750 0.416111 0.476389 0.076667
84 0.559722 0.323889 0.173611 0.247778
95 0.555208 0.476111 0.211806 0.225556
293 0.284375 0.217778 0.285417 0.111111
218 0.292014 0.182222 0.265972 0.246667
44 0.141667 0.327778 0.243056 0.077778
68 0.534722 0.571111 0.222222 0.422222
310 0.453125 0.316667 0.252083 0.173333
17 0.182986 0.310556 0.320139 0.192222
289 0.480556 0.228889 0.337500 0.142222
261 0.593056 0.242222 0.213889 0.257778
252 0.481250 0.224444 0.159722 0.246667
88 0.527431 0.331667 0.256250 0.227778
79 0.404514 0.475556 0.236806 0.235556
6 0.308333 0.382222 0.515278 0.073333