35 0.154167 0.245556 0.097222 0.048889
181 0.382986 0.521111 0.159028 0.255556
313 0.325347 0.150556 0.215972 0.167778
44 0.420833 0.206667 0.243056 0.077778
69 0.130556 0.483333 0.222222 0.422222
259 0.631597 0.356667 0.249306 0.226667
300 0.319444 0.427778 0.486111 0.266667
159 0.221528 0.156111 0.145833 0.143333
156 0.645833 0.574444 0.347222 0.388889
147 0.655556 0.506667 0.334722 0.535556
302 0.365278 0.219444 0.201389 0.116667
45 0.339583 0.239444 0.220833 0.105556
175 0.545139 0.418889 0.097222 0.048889
80 0.214931 0.301111 0.218750 0.140000
246 0.227778 0.478333 0.181944 0.267778
190 0.319792 0.190000 0.153472 0.253333
55 0.268403 0.106111 0.222917 0.110000
135 0.436458 0.487222 0.163194 0.212222
52 0.545486 0.363333 0.225694 0.108889
138 0.406597 0.384444 0.231250 0.166667
54 0.313194 0.380000 0.204167 0.073333
89 0.553125 0.304444 0.145139 0.122222
195 0.598958 0.408333 0.179861 0.243333
233 0.295486 0.405000 0.257639 0.196667
187 0.465972 0.339444 0.234722 0.183333