164 0.300000 0.213333 0.170833 0.264444
135 0.477778 0.182778 0.237500 0.218889
142 0.539236 0.225556 0.267361 0.251111
52 0.327431 0.235000 0.272917 0.081111
209 0.190625 0.491667 0.267361 0.121111
235 0.369444 0.267222 0.194444 0.232222
1 0.650694 0.324444 1.000000 0.066667
170 0.335069 0.495556 0.271528 0.151111
36 0.170833 0.274444 0.243056 0.077778
171 0.595139 0.450000 0.250000 0.255556
27 0.227083 0.390000 0.097222 0.048889
155 0.246528 0.582222 0.347222 0.388889
246 0.480556 0.471111 0.230556 0.120000
281 0.583333 0.373333 0.436111 0.171111
307 0.147569 0.474444 0.225694 0.142222
87 0.219097 0.428333 0.190972 0.258889
157 0.468750 0.516667 0.347222 0.388889
88 0.189931 0.389444 0.261806 0.256667
41 0.218750 0.378889 0.243056 0.077778
191 0.153472 0.513889 0.161111 0.225556