1 0.528472 0.453333 1.000000 0.066667
208 0.126042 0.318333 0.211806 0.207778
195 0.541319 0.200000 0.172917 0.226667
226 0.261806 0.431111 0.097222 0.048889
60 0.515278 0.496111 0.209722 0.107778
26 0.203472 0.201111 0.097222 0.048889
283 0.642014 0.448889 0.525694 0.162222
43 0.279861 0.213333 0.243056 0.077778
156 0.588889 0.238889 0.347222 0.388889
61 0.503819 0.425556 0.174306 0.084444
191 0.373264 0.517778 0.246528 0.195556
279 0.717014 0.462778 0.525694 0.198889
244 0.474306 0.238333 0.177778 0.127778
311 0.136458 0.508333 0.236806 0.176667
96 0.501736 0.451667 0.214583 0.136667
199 0.268056 0.313889 0.220833 0.165556
218 0.438889 0.376111 0.255556 0.250000
101 0.510764 0.202778 0.247917 0.147778
258 0.208333 0.431111 0.205556 0.122222
236 0.204861 0.285556 0.169444 0.206667
212 0.346875 0.347778 0.267361 0.164444
253 0.361458 0.247778 0.188194 0.273333
78 0.582986 0.104444 0.221528 0.113333