44 0.241667 0.068889 0.243056 0.077778
135 0.402083 0.337222 0.144444 0.158889
7 0.402083 0.605556 0.173611 0.555556
125 0.172222 0.340000 0.229167 0.237778
150 0.474653 0.208889 0.267361 0.242222
22 0.483333 0.101111 0.033333 0.053333
288 0.657986 0.508889 0.490972 0.157778
173 0.547917 0.290000 0.097222 0.048889
106 0.569444 0.360556 0.259722 0.183333
95 0.580208 0.343889 0.181250 0.170000
82 0.342361 0.292222 0.266667 0.211111
166 0.286111 0.293333 0.241667 0.146667
264 0.544792 0.532222 0.264583 0.186667
41 0.206250 0.317778 0.243056 0.077778
49 0.589236 0.331667 0.225694 0.101111