49 0.539931 0.163889 0.267361 0.081111
52 0.256597 0.323333 0.224306 0.086667
90 0.263889 0.328889 0.444444 0.444444
17 0.413889 0.411111 0.431944 0.073333
231 0.235764 0.195556 0.272917 0.160000
63 0.575694 0.541111 0.222222 0.422222
112 0.306250 0.122222 0.250000 0.140000
279 0.557292 0.190000 0.472917 0.117778
237 0.592014 0.288889 0.210417 0.208889
84 0.242708 0.334444 0.227083 0.160000
294 0.319097 0.102222 0.404861 0.117778
37 0.200694 0.305556 0.243056 0.077778
65 0.570833 0.604444 0.222222 0.422222