53 0.163194 0.152778 0.193056 0.096667
265 0.187153 0.212222 0.175694 0.211111
215 0.569792 0.425556 0.267361 0.133333
122 0.101389 0.216111 0.173611 0.250000
298 0.390625 0.218333 0.295139 0.096667
192 0.140972 0.228333 0.172222 0.263333
204 0.581250 0.305000 0.152778 0.254444
300 0.590278 0.412222 0.486111 0.266667
20 0.400694 0.115556 0.097222 0.048889
101 0.440625 0.105556 0.252083 0.162222
82 0.330903 0.186111 0.249306 0.150000
0 0.677778 0.434444 1.000000 0.066667
72 0.502083 0.253889 0.213889 0.196667
169 0.256597 0.484444 0.203472 0.155556
150 0.227431 0.326667 0.139583 0.162222
56 0.176042 0.175000 0.214583 0.081111
199 0.241319 0.483889 0.235417 0.218889
145 0.257292 0.157222 0.253472 0.116667
28 0.299306 0.401111 0.243056 0.077778
178 0.516667 0.462778 0.226389 0.147778
230 0.573611 0.233333 0.222222 0.422222
112 0.260764 0.165556 0.150694 0.111111
155 0.483333 0.516667 0.347222 0.388889
165 0.188194 0.270000 0.252778 0.186667