248 0.372917 0.282222 0.236111 0.242222
38 0.170139 0.076667 0.243056 0.077778
295 0.361806 0.307222 0.331944 0.123333
113 0.350347 0.247778 0.224306 0.197778
124 0.597222 0.099444 0.202778 0.147778
75 0.656944 0.421111 0.486111 0.266667
170 0.360069 0.252778 0.143750 0.252222
245 0.548958 0.501111 0.139583 0.126667
251 0.454167 0.506111 0.231944 0.165556
33 0.163889 0.195556 0.097222 0.048889
224 0.269444 0.166111 0.212500 0.238889
269 0.147569 0.135000 0.261806 0.187778
225 0.419444 0.322222 0.097222 0.048889
190 0.394792 0.203333 0.228472 0.251111