255 0.326736 0.392778 0.261806 0.187778
136 0.359375 0.135000 0.178472 0.190000
68 0.429861 0.367778 0.222222 0.422222
186 0.502778 0.492778 0.234722 0.183333
6 0.339583 0.500556 0.522222 0.214444
166 0.458333 0.201667 0.211111 0.236667
284 0.636458 0.168333 0.440972 0.201111
279 0.376042 0.137778 0.459028 0.217778
59 0.534028 0.128333 0.184722 0.081111
19 0.534722 0.203333 0.097222 0.048889
217 0.502083 0.458333 0.236111 0.116667
13 0.668750 0.285556 0.484722 0.095556
74 0.657639 0.475556 0.486111 0.266667
305 0.256944 0.426667 0.177778 0.193333
272 0.531944 0.127222 0.138889 0.150000
27 0.185417 0.097778 0.097222 0.048889
314 0.515278 0.458333 0.256944 0.225556
223 0.468403 0.347222 0.222917 0.154444
240 0.273264 0.378333 0.178472 0.147778