258 0.215278 0.356111 0.176389 0.134444
221 0.591319 0.362222 0.171528 0.275556
75 0.648611 0.454444 0.486111 0.266667
27 0.233333 0.336667 0.097222 0.048889
85 0.337500 0.305000 0.201389 0.221111
277 0.388194 0.487222 0.415278 0.103333
302 0.621181 0.232222 0.220139 0.224444
17 0.618750 0.145000 0.386111 0.163333
293 0.388194 0.358333 0.552778 0.083333
81 0.640278 0.340000 0.269444 0.228889
202 0.455556 0.332222 0.227778 0.160000
147 0.405556 0.293333 0.334722 0.535556
208 0.454861 0.321111 0.148611 0.124444
291 0.749306 0.400000 0.530556 0.131111
269 0.440972 0.426667 0.173611 0.266667
35 0.423611 0.463333 0.097222 0.048889
31 0.387153 0.225556 0.099306 0.040000
281 0.643750 0.406667 0.511111 0.102222
132 0.592361 0.132222 0.225000 0.195556
69 0.174306 0.625556 0.222222 0.422222
111 0.169097 0.255556 0.159028 0.182222