262 0.610417 0.196111 0.250000 0.152222
102 0.345139 0.428889 0.444444 0.444444
5 0.282639 0.214444 0.433333 0.086667
234 0.242014 0.196111 0.234028 0.205556
65 0.192361 0.278889 0.222222 0.422222
193 0.236458 0.501111 0.274306 0.133333
63 0.293750 0.317778 0.222222 0.422222
163 0.510417 0.385000 0.169444 0.112222
267 0.515278 0.385000 0.177778 0.254444
269 0.125347 0.171111 0.218750 0.171111
177 0.270486 0.369444 0.157639 0.225556
253 0.211111 0.256111 0.238889 0.214444
201 0.288889 0.184444 0.097222 0.048889
32 0.348264 0.214444 0.077083 0.042222
111 0.382292 0.453333 0.227083 0.233333
282 0.442708 0.506667 0.489583 0.191111
81 0.470139 0.342778 0.197222 0.230000
175 0.484028 0.073333 0.097222 0.048889
21 0.090278 0.185556 0.097222 0.048889
241 0.404167 0.287778 0.198611 0.173333
192 0.579514 0.335556 0.146528 0.253333
248 0.415972 0.151667 0.173611 0.125556
280 0.622917 0.110556 0.413889 0.170000
84 0.204514 0.293333 0.178472 0.204444