23 0.440278 0.318889 0.033333 0.053333
26 0.421528 0.246667 0.097222 0.048889
123 0.584722 0.497778 0.205556 0.142222
292 0.522569 0.291111 0.384028 0.095556
225 0.302778 0.445556 0.097222 0.048889
65 0.312500 0.431111 0.222222 0.422222
180 0.347917 0.548333 0.258333 0.254444
191 0.188194 0.481667 0.202778 0.127778
195 0.376389 0.223889 0.161111 0.214444
156 0.309722 0.521111 0.347222 0.388889
247 0.570486 0.211667 0.170139 0.267778
313 0.329861 0.508889 0.222222 0.133333
72 0.353472 0.517778 0.256944 0.200000
115 0.498264 0.160000 0.174306 0.260000
69 0.572917 0.480000 0.222222 0.422222
188 0.607639 0.157778 0.198611 0.213333
89 0.119792 0.174444 0.171528 0.220000
312 0.153472 0.217778 0.195833 0.277778
5 0.573264 0.269444 0.359028 0.161111
190 0.291319 0.478333 0.231250 0.258889