213 0.137847 0.220000 0.170139 0.157778
226 0.561111 0.173333 0.097222 0.048889
19 0.111111 0.166667 0.097222 0.048889
47 0.478472 0.416111 0.265278 0.094444
117 0.503125 0.553889 0.177083 0.238889
157 0.518750 0.330000 0.347222 0.388889
84 0.478819 0.522778 0.188194 0.250000
288 0.698264 0.313889 0.499306 0.187778
243 0.554861 0.371667 0.173611 0.152222
281 0.584028 0.331667 0.281944 0.085556
180 0.250694 0.331667 0.211111 0.252222
179 0.471528 0.316667 0.202778 0.124444
303 0.610764 0.365556 0.232639 0.171111
270 0.397569 0.452778 0.257639 0.150000
135 0.215278 0.170000 0.186111 0.257778
22 0.370139 0.193333 0.033333 0.053333
4 0.567708 0.147222 0.320139 0.121111