251 0.333681 0.422222 0.254861 0.164444
174 0.420139 0.450000 0.097222 0.048889
169 0.498264 0.442778 0.239583 0.152222
313 0.190278 0.407778 0.263889 0.124444
129 0.543403 0.141667 0.275694 0.203333
211 0.169097 0.183333 0.172917 0.148889
280 0.710417 0.406667 0.401389 0.153333
196 0.297222 0.239444 0.181944 0.221111
131 0.556250 0.244444 0.240278 0.162222
73 0.548611 0.327778 0.172222 0.266667
270 0.486111 0.277222 0.265278 0.243333
83 0.216319 0.270000 0.232639 0.124444
128 0.206944 0.162222 0.180556 0.226667
118 0.307986 0.406667 0.185417 0.195556
151 0.369792 0.250000 0.197917 0.253333
115 0.148611 0.220000 0.259722 0.224444
139 0.462847 0.506667 0.195139 0.255556
232 0.259722 0.463889 0.241667 0.258889
274 0.563194 0.420556 0.258333 0.274444
292 0.600347 0.393889 0.317361 0.147778
19 0.159722 0.415556 0.097222 0.048889
133 0.436806 0.363333 0.266667 0.266667