285 0.579167 0.128333 0.525000 0.205556
73 0.620833 0.301667 0.258333 0.118889
255 0.468750 0.420556 0.251389 0.176667
286 0.644792 0.281667 0.540972 0.090000
65 0.475694 0.253333 0.222222 0.422222
250 0.516667 0.154444 0.163889 0.202222
78 0.215972 0.497222 0.187500 0.130000
263 0.471181 0.109444 0.200694 0.147778
87 0.228819 0.409444 0.265972 0.178889
256 0.174653 0.405000 0.272917 0.227778
183 0.151736 0.493333 0.236806 0.186667
96 0.344097 0.223889 0.234028 0.181111
21 0.486111 0.176667 0.097222 0.048889
17 0.535417 0.339444 0.286111 0.205556