155 0.521528 0.281111 0.347222 0.388889
233 0.204861 0.313333 0.270833 0.117778
60 0.397569 0.295000 0.184028 0.076667
135 0.651736 0.246667 0.277083 0.224444
70 0.095833 0.307778 0.155556 0.208889
53 0.215278 0.095000 0.238889 0.067778
177 0.356597 0.238333 0.224306 0.132222
143 0.209722 0.546667 0.147222 0.226667
217 0.231250 0.316667 0.243056 0.186667
77 0.493750 0.414444 0.486111 0.266667
20 0.561806 0.290000 0.097222 0.048889
2 0.560417 0.212222 1.000000 0.066667
236 0.472917 0.168333 0.166667 0.212222
257 0.402778 0.239444 0.193056 0.250000
251 0.128472 0.155000 0.187500 0.123333
58 0.445139 0.451667 0.184722 0.072222
298 0.515278 0.421111 0.356944 0.195556
57 0.264236 0.235000 0.207639 0.098889
220 0.287153 0.513333 0.196528 0.211111
7 0.212500 0.498889 0.173611 0.555556
150 0.190278 0.385556 0.277778 0.126667
84 0.106944 0.237778 0.141667 0.168889