127 0.579861 0.363889 0.255556 0.241111
2 0.611806 0.240000 1.000000 0.066667
97 0.494792 0.162778 0.236806 0.147778
55 0.248264 0.335556 0.174306 0.084444
204 0.357986 0.538333 0.140972 0.261111
93 0.315278 0.413333 0.236111 0.153333
273 0.586111 0.445556 0.190278 0.175556
302 0.585764 0.489444 0.157639 0.263333
49 0.150000 0.254444 0.236111 0.084444
287 0.699653 0.456667 0.504861 0.084444
173 0.062500 0.151111 0.097222 0.048889
151 0.570486 0.320000 0.200694 0.111111
80 0.553472 0.269444 0.245833 0.210000
192 0.528819 0.162222 0.181250 0.208889
215 0.206250 0.473889 0.186111 0.232222
309 0.576736 0.243889 0.206250 0.265556