150 0.471181 0.343889 0.211806 0.267778
129 0.347222 0.515556 0.193056 0.195556
62 0.599306 0.463333 0.243056 0.077778
257 0.500694 0.493333 0.204167 0.144444
260 0.438889 0.167778 0.145833 0.151111
56 0.329861 0.161111 0.236111 0.066667
155 0.556250 0.238889 0.347222 0.388889
256 0.213542 0.229444 0.238194 0.150000
51 0.354514 0.435556 0.236806 0.095556
49 0.157639 0.250000 0.195833 0.082222
82 0.485417 0.372222 0.220833 0.224444
55 0.452431 0.385000 0.236806 0.081111
65 0.529167 0.580000 0.222222 0.422222
22 0.263194 0.428889 0.033333 0.053333
163 0.387500 0.331111 0.223611 0.277778
291 0.326042 0.216111 0.286806 0.170000
98 0.159722 0.282222 0.172222 0.211111
122 0.377431 0.433333 0.227083 0.257778
214 0.398264 0.337222 0.274306 0.210000
90 0.305556 0.252222 0.444444 0.444444
218 0.448264 0.558333 0.153472 0.236667
133 0.422222 0.498889 0.184722 0.211111
68 0.379167 0.466667 0.222222 0.422222