46 0.335417 0.431667 0.205556 0.074444
65 0.588889 0.414444 0.222222 0.422222
209 0.406250 0.476667 0.187500 0.228889
207 0.544444 0.505556 0.222222 0.422222
213 0.464583 0.468889 0.263889 0.120000
219 0.379861 0.087778 0.097222 0.048889
26 0.526389 0.298889 0.097222 0.048889
204 0.189583 0.185000 0.173611 0.221111
190 0.186111 0.083333 0.180556 0.117778
238 0.419097 0.311111 0.224306 0.224444
141 0.107292 0.458889 0.163194 0.226667
106 0.584722 0.154444 0.231944 0.260000
300 0.668750 0.158889 0.486111 0.266667
87 0.261806 0.326667 0.188889 0.162222
299 0.223958 0.444444 0.147917 0.253333
220 0.305208 0.145556 0.224306 0.140000
47 0.150347 0.313889 0.238194 0.078889
72 0.598611 0.220000 0.277778 0.251111
269 0.515625 0.261667 0.145139 0.125556
315 0.310764 0.398889 0.271528 0.253333
3 0.679861 0.254444 1.000000 0.066667
266 0.525347 0.376667 0.165972 0.140000
35 0.425000 0.383333 0.097222 0.048889