42 0.480556 0.192222 0.243056 0.077778
148 0.150000 0.358333 0.266667 0.194444
272 0.179861 0.241111 0.277778 0.240000
27 0.203472 0.433333 0.097222 0.048889
316 0.532986 0.147778 0.249306 0.168889
14 0.447222 0.210556 0.312500 0.130000
33 0.427778 0.205556 0.097222 0.048889
225 0.420139 0.226667 0.097222 0.048889
253 0.308333 0.302222 0.255556 0.144444
74 0.282639 0.420000 0.486111 0.266667
52 0.521181 0.325000 0.202083 0.098889
249 0.270486 0.212778 0.199306 0.258889
232 0.380556 0.553333 0.143056 0.275556
150 0.192708 0.181667 0.149306 0.274444
8 0.302778 0.364444 0.173611 0.555556
110 0.215625 0.324444 0.142361 0.253333
60 0.419097 0.350556 0.184028 0.103333
153 0.535417 0.300000 0.347222 0.388889
180 0.238542 0.414444 0.222917 0.173333