124 0.312847 0.380556 0.242361 0.272222
186 0.593403 0.497778 0.217361 0.264444
53 0.520486 0.101667 0.189583 0.090000
47 0.497917 0.257778 0.201389 0.104444
28 0.597222 0.343333 0.243056 0.077778
141 0.316667 0.123333 0.276389 0.135556
164 0.507292 0.404444 0.221528 0.182222
37 0.157639 0.178889 0.243056 0.077778
198 0.450694 0.262222 0.188889 0.248889
223 0.243403 0.483889 0.159028 0.265556
203 0.492708 0.292222 0.265972 0.197778
301 0.543403 0.315000 0.242361 0.227778
250 0.382639 0.547778 0.222222 0.237778
306 0.506250 0.288889 0.177778 0.262222
108 0.506944 0.223333 0.191667 0.197778
255 0.242708 0.435556 0.202083 0.155556
167 0.585764 0.553333 0.175694 0.260000
300 0.508333 0.557778 0.486111 0.266667
67 0.370833 0.348889 0.222222 0.422222
242 0.259375 0.120556 0.272917 0.154444
288 0.279167 0.391111 0.501389 0.204444
273 0.582986 0.430556 0.167361 0.218889