172 0.328125 0.455000 0.143750 0.232222
115 0.246181 0.422778 0.153472 0.234444
197 0.319444 0.258889 0.277778 0.113333
143 0.346181 0.448333 0.253472 0.276667
271 0.330903 0.405556 0.157639 0.122222
131 0.410069 0.482222 0.157639 0.193333
275 0.538542 0.392778 0.539583 0.118889
163 0.491667 0.147778 0.148611 0.128889
73 0.488542 0.414444 0.186806 0.248889
18 0.484028 0.218333 0.513889 0.087778
128 0.648611 0.561667 0.270833 0.243333
78 0.204514 0.391111 0.149306 0.146667
66 0.138889 0.584444 0.222222 0.422222
69 0.134722 0.316667 0.222222 0.422222
156 0.548611 0.576667 0.347222 0.388889
33 0.112500 0.273333 0.097222 0.048889
178 0.594792 0.547222 0.235417 0.210000
145 0.513542 0.318333 0.186806 0.254444
198 0.367708 0.275000 0.179861 0.230000
189 0.406250 0.447222 0.156944 0.252222
183 0.221875 0.198333 0.232639 0.261111
182 0.327778 0.410000 0.258333 0.251111
147 0.572222 0.544444 0.334722 0.535556
309 0.457639 0.364444 0.176389 0.242222
239 0.293056 0.298333 0.218056 0.276667