174 0.168750 0.295556 0.097222 0.048889
19 0.067361 0.348889 0.097222 0.048889
200 0.079861 0.110000 0.097222 0.048889
83 0.388194 0.531667 0.215278 0.221111
94 0.584375 0.131667 0.238194 0.121111
86 0.371181 0.085556 0.154861 0.124444
261 0.317014 0.229444 0.249306 0.227778
23 0.153472 0.174444 0.033333 0.053333
170 0.384375 0.196667 0.164583 0.135556
203 0.490625 0.400556 0.161806 0.112222
87 0.329861 0.481667 0.243056 0.152222
41 0.322917 0.356667 0.243056 0.077778
67 0.127083 0.582222 0.222222 0.422222
132 0.345833 0.265556 0.238889 0.244444
302 0.604514 0.237778 0.189583 0.273333
161 0.171875 0.476111 0.172917 0.245556
260 0.154861 0.470000 0.184722 0.271111
154 0.599306 0.361111 0.347222 0.388889