9 0.138194 0.690000 0.173611 0.555556
120 0.366319 0.306111 0.272917 0.176667
27 0.320833 0.417778 0.097222 0.048889
154 0.197222 0.403333 0.347222 0.388889
56 0.286806 0.327778 0.266667 0.108889
240 0.260069 0.411111 0.164583 0.188889
263 0.402778 0.412222 0.222222 0.193333
34 0.307639 0.074444 0.097222 0.048889
36 0.180556 0.091111 0.243056 0.077778
136 0.130556 0.275000 0.218056 0.114444
46 0.220139 0.180000 0.195833 0.068889
5 0.276042 0.301111 0.502083 0.213333
294 0.581597 0.296667 0.514583 0.122222
51 0.612500 0.216667 0.237500 0.084444
145 0.546875 0.348333 0.243750 0.118889
74 0.270139 0.521111 0.486111 0.266667
157 0.663194 0.564444 0.347222 0.388889