66 0.462500 0.323333 0.222222 0.422222
243 0.457292 0.566111 0.186806 0.258889
120 0.180556 0.306667 0.198611 0.117778
186 0.169444 0.452222 0.219444 0.157778
277 0.607292 0.198333 0.409028 0.081111
164 0.623264 0.373889 0.270139 0.225556
306 0.405556 0.148333 0.208333 0.212222
158 0.637500 0.495556 0.347222 0.388889
249 0.151736 0.446111 0.253472 0.147778
109 0.474306 0.165000 0.266667 0.121111
286 0.462847 0.340556 0.511806 0.187778
33 0.470833 0.298889 0.097222 0.048889
217 0.485417 0.134444 0.202778 0.115556
222 0.434028 0.503889 0.170833 0.185556