146 0.348611 0.103333 0.173611 0.162222
140 0.464931 0.176111 0.146528 0.125556
95 0.237500 0.415556 0.276389 0.171111
229 0.313542 0.502222 0.238194 0.235556
191 0.573264 0.197222 0.174306 0.212222
277 0.653125 0.416111 0.515972 0.210000
114 0.139931 0.360556 0.204861 0.138889
195 0.483681 0.451111 0.270139 0.117778
252 0.540972 0.195000 0.177778 0.210000
186 0.291667 0.338333 0.247222 0.227778
153 0.318750 0.286667 0.347222 0.388889
313 0.254514 0.281111 0.268750 0.153333
183 0.461111 0.115000 0.202778 0.145556
3 0.728472 0.093333 1.000000 0.066667