287 0.723958 0.453889 0.534028 0.181111
185 0.449653 0.393889 0.268750 0.170000
135 0.106597 0.263333 0.142361 0.162222
249 0.480208 0.298333 0.236806 0.263333
192 0.172222 0.518889 0.256944 0.217778
136 0.297569 0.177222 0.263194 0.132222
29 0.382292 0.196667 0.107639 0.048889
269 0.342014 0.307222 0.261806 0.227778
34 0.320139 0.095556 0.097222 0.048889
158 0.670833 0.451111 0.347222 0.388889
312 0.140625 0.250556 0.163194 0.178889
15 0.347222 0.332222 0.097222 0.048889
74 0.668056 0.328889 0.486111 0.266667