270 0.242014 0.434444 0.149306 0.242222
252 0.354514 0.423889 0.189583 0.158889
54 0.593403 0.242778 0.243750 0.090000
189 0.355556 0.511111 0.209722 0.237778
241 0.094792 0.467778 0.147917 0.128889
305 0.583333 0.372222 0.226389 0.237778
228 0.171181 0.336667 0.178472 0.128889
78 0.458681 0.252222 0.220139 0.111111
163 0.534028 0.313333 0.162500 0.266667
306 0.428125 0.300556 0.247917 0.198889
40 0.405556 0.286667 0.243056 0.077778
130 0.529861 0.535000 0.162500 0.198889
101 0.158681 0.375556 0.222917 0.251111
5 0.605556 0.281667 0.465278 0.147778
148 0.578472 0.495556 0.205556 0.233333
194 0.635069 0.191111 0.259028 0.162222
22 0.347222 0.376667 0.033333 0.053333
207 0.580556 0.458889 0.222222 0.422222
215 0.603125 0.241667 0.277083 0.154444