60 0.135069 0.102222 0.175694 0.106667
82 0.308681 0.316667 0.232639 0.197778
57 0.578819 0.137778 0.228472 0.082222
114 0.538542 0.403333 0.225694 0.260000
232 0.486806 0.480556 0.211111 0.116667
166 0.284375 0.471111 0.224306 0.277778
303 0.108681 0.390556 0.165972 0.185556
307 0.419444 0.406667 0.244444 0.168889
269 0.392708 0.285556 0.213194 0.135556
115 0.419444 0.343889 0.162500 0.221111
120 0.192014 0.478889 0.232639 0.226667
22 0.050000 0.318889 0.033333 0.053333
0 0.515278 0.423333 1.000000 0.066667
84 0.317708 0.413333 0.239583 0.113333
7 0.356250 0.417778 0.173611 0.555556
11 0.627083 0.447222 0.531944 0.076667
151 0.347569 0.240000 0.264583 0.182222
220 0.406597 0.301667 0.249306 0.167778
107 0.597917 0.082778 0.190278 0.118889