252 0.414931 0.120000 0.232639 0.157778
114 0.346528 0.383889 0.141667 0.272222
150 0.392708 0.466111 0.268750 0.210000
127 0.409722 0.150556 0.265278 0.241111
140 0.140278 0.208889 0.243056 0.262222
104 0.305208 0.095000 0.246528 0.121111
0 0.704167 0.236667 1.000000 0.066667
272 0.306597 0.461111 0.267361 0.222222
96 0.359028 0.475000 0.276389 0.170000
44 0.236806 0.417778 0.243056 0.077778
14 0.614931 0.345556 0.282639 0.095556
212 0.220139 0.514444 0.145833 0.260000
73 0.556250 0.466111 0.220833 0.272222