5 0.503125 0.473889 0.511806 0.158889
117 0.370833 0.330556 0.186111 0.252222
86 0.139931 0.316111 0.221528 0.227778
15 0.138194 0.053333 0.097222 0.048889
161 0.184028 0.227222 0.211111 0.181111
257 0.151389 0.494444 0.236111 0.195556
60 0.527431 0.146667 0.274306 0.111111
298 0.502778 0.107778 0.343056 0.162222
243 0.251736 0.315000 0.250694 0.232222
204 0.198264 0.391111 0.224306 0.208889
281 0.583333 0.296111 0.525000 0.081111
296 0.222569 0.480556 0.390972 0.090000
224 0.537847 0.473333 0.221528 0.146667