295 0.207292 0.282222 0.331250 0.144444
242 0.395139 0.370556 0.155556 0.243333
222 0.539236 0.188333 0.247917 0.130000
18 0.483333 0.307778 0.490278 0.111111
108 0.314236 0.228333 0.245139 0.232222
268 0.385417 0.283333 0.186111 0.260000
65 0.312500 0.416667 0.222222 0.422222
177 0.609375 0.498889 0.197917 0.253333
176 0.150000 0.232222 0.179167 0.253333
162 0.395139 0.324444 0.172222 0.153333
244 0.484375 0.308889 0.250694 0.186667
77 0.262500 0.175556 0.486111 0.266667
201 0.543750 0.157778 0.097222 0.048889
293 0.627778 0.317778 0.281944 0.188889
250 0.569792 0.332778 0.170139 0.256667
238 0.227431 0.117778 0.247917 0.162222
91 0.407292 0.106111 0.192361 0.121111
70 0.284375 0.425556 0.239583 0.175556
232 0.279514 0.271111 0.245139 0.175556
119 0.434722 0.453333 0.161111 0.275556