6 0.435417 0.270000 0.544444 0.168889
249 0.387153 0.267222 0.152083 0.154444
130 0.260069 0.368333 0.190972 0.181111
12 0.384028 0.347222 0.376389 0.081111
57 0.439583 0.340000 0.212500 0.091111
63 0.170833 0.653333 0.222222 0.422222
258 0.467708 0.412222 0.213194 0.215556
162 0.325347 0.256667 0.264583 0.124444
16 0.385069 0.105556 0.502083 0.155556
207 0.527778 0.581111 0.222222 0.422222
257 0.363542 0.216667 0.189583 0.202222
41 0.456250 0.068889 0.243056 0.077778
168 0.118403 0.250000 0.193750 0.146667