272 0.429861 0.445556 0.265278 0.140000
143 0.142014 0.367222 0.224306 0.261111
84 0.633333 0.207778 0.243056 0.113333
284 0.521875 0.446111 0.293750 0.210000
268 0.432986 0.442222 0.214583 0.144444
53 0.561111 0.393889 0.212500 0.078889
41 0.322917 0.077778 0.243056 0.077778
204 0.192014 0.427222 0.177083 0.172222
109 0.214236 0.390556 0.224306 0.261111
107 0.451389 0.298333 0.206944 0.225556
19 0.070139 0.414444 0.097222 0.048889
263 0.302431 0.461111 0.154861 0.220000
298 0.497222 0.146111 0.458333 0.185556
307 0.486111 0.414444 0.141667 0.257778
236 0.486458 0.501667 0.143750 0.247778
303 0.287847 0.230556 0.232639 0.198889
64 0.543056 0.652222 0.222222 0.422222
180 0.156944 0.205556 0.233333 0.262222
29 0.556597 0.336111 0.107639 0.043333