159 0.137153 0.538889 0.206250 0.220000
93 0.365625 0.506111 0.267361 0.272222
166 0.196875 0.300000 0.175694 0.244444
191 0.463889 0.338333 0.168056 0.274444
259 0.404861 0.482222 0.162500 0.133333
294 0.171181 0.274444 0.297917 0.066667
249 0.464931 0.231111 0.156250 0.144444
44 0.200000 0.283333 0.243056 0.077778
188 0.585069 0.431667 0.274306 0.263333
135 0.406250 0.536111 0.141667 0.256667
150 0.347569 0.470556 0.193750 0.254444
205 0.231944 0.130556 0.248611 0.203333
275 0.349653 0.323333 0.518750 0.082222
114 0.406250 0.486667 0.179167 0.271111
229 0.589931 0.304444 0.247917 0.137778