151 0.150694 0.120556 0.187500 0.183333
236 0.142361 0.152778 0.155556 0.178889
199 0.403819 0.538889 0.203472 0.204444
98 0.271875 0.310556 0.140972 0.130000
33 0.156944 0.080000 0.097222 0.048889
189 0.461458 0.201667 0.214583 0.165556
179 0.328472 0.326111 0.143056 0.145556
212 0.256250 0.318889 0.259722 0.162222
280 0.541667 0.390000 0.501389 0.115556
58 0.370833 0.296667 0.255556 0.106667
268 0.215972 0.251111 0.212500 0.168889
202 0.613889 0.477778 0.220833 0.193333
296 0.385417 0.370000 0.284722 0.115556
59 0.325694 0.357222 0.277778 0.110000
116 0.336111 0.116667 0.172222 0.173333
278 0.442361 0.386667 0.459722 0.097778
279 0.426736 0.265000 0.489583 0.090000