106 0.158681 0.512222 0.204861 0.228889
263 0.471875 0.385556 0.150694 0.148889
316 0.297569 0.307222 0.143750 0.274444
299 0.299306 0.336111 0.216667 0.170000
84 0.321181 0.511667 0.197917 0.236667
200 0.218056 0.462222 0.097222 0.048889
0 0.586111 0.093333 1.000000 0.066667
31 0.096181 0.354444 0.104861 0.040000
1 0.965278 0.401111 1.000000 0.066667
89 0.171875 0.205556 0.199306 0.146667
181 0.386458 0.326667 0.152083 0.242222
149 0.586111 0.498889 0.252778 0.404444
168 0.188889 0.210000 0.237500 0.111111
147 0.281250 0.677778 0.334722 0.535556
37 0.369444 0.111111 0.243056 0.077778
39 0.506250 0.116667 0.243056 0.077778