174 0.465278 0.435556 0.097222 0.048889
110 0.147917 0.232222 0.216667 0.173333
14 0.648611 0.245556 0.448611 0.155556
144 0.374653 0.456667 0.203472 0.142222
234 0.464583 0.265556 0.263889 0.211111
42 0.403472 0.282222 0.243056 0.077778
231 0.594792 0.191111 0.177083 0.142222
38 0.556944 0.222222 0.243056 0.077778
190 0.557639 0.109444 0.195833 0.127778
11 0.512500 0.191111 0.322222 0.140000
95 0.332639 0.334444 0.138889 0.233333
24 0.489583 0.231111 0.097222 0.048889
52 0.365278 0.284444 0.247222 0.084444
264 0.463889 0.427222 0.159722 0.270000
211 0.222917 0.237222 0.237500 0.236667
143 0.331597 0.361667 0.202083 0.181111
9 0.580556 0.590000 0.173611 0.555556
215 0.550694 0.105000 0.266667 0.114444
21 0.143056 0.298889 0.097222 0.048889
77 0.362500 0.452222 0.486111 0.266667
299 0.585764 0.307222 0.193750 0.158889
217 0.131944 0.320000 0.231944 0.146667
170 0.583333 0.275556 0.227778 0.195556