114 0.296875 0.345000 0.218750 0.147778
259 0.532986 0.473333 0.272917 0.217778
249 0.199653 0.516667 0.147917 0.153333
96 0.452431 0.255000 0.189583 0.183333
285 0.517708 0.480556 0.386806 0.156667
238 0.315972 0.220556 0.247222 0.247778
277 0.500000 0.233333 0.468056 0.180000
120 0.409028 0.485000 0.168056 0.116667
252 0.310069 0.151111 0.256250 0.195556
172 0.281250 0.346667 0.187500 0.113333
180 0.189583 0.495000 0.237500 0.261111
142 0.196181 0.267778 0.179861 0.155556
161 0.378125 0.345000 0.184028 0.221111
273 0.339236 0.411111 0.164583 0.220000