202 0.429514 0.315000 0.239583 0.274444
121 0.650694 0.491667 0.276389 0.163333
127 0.404167 0.497778 0.205556 0.137778
284 0.493750 0.481111 0.341667 0.126667
200 0.537500 0.184444 0.097222 0.048889
244 0.627083 0.300000 0.252778 0.180000
167 0.215972 0.349444 0.195833 0.132222
177 0.235069 0.480556 0.246528 0.143333
94 0.293750 0.426111 0.269444 0.174444
147 0.479861 0.540000 0.334722 0.535556
37 0.588194 0.203333 0.243056 0.077778
279 0.462153 0.170556 0.479861 0.156667
41 0.623611 0.352222 0.243056 0.077778
126 0.514583 0.280000 0.195833 0.208889
119 0.225000 0.341667 0.231944 0.172222