126 0.184028 0.220556 0.277778 0.176667
91 0.561806 0.281111 0.211111 0.262222
56 0.328472 0.466111 0.226389 0.072222
206 0.202083 0.368889 0.243056 0.077778
225 0.267361 0.097778 0.097222 0.048889
216 0.550694 0.150556 0.190278 0.210000
234 0.585069 0.407222 0.168750 0.181111
275 0.682292 0.379444 0.420139 0.136667
190 0.371181 0.427778 0.149306 0.146667
265 0.574653 0.170000 0.154861 0.160000
268 0.569097 0.276667 0.206250 0.195556
229 0.277083 0.246667 0.275000 0.228889
181 0.315625 0.347222 0.228472 0.127778
37 0.475694 0.065556 0.243056 0.077778
118 0.254514 0.116667 0.199306 0.115556
291 0.677431 0.332222 0.534028 0.088889
247 0.459028 0.234444 0.195833 0.177778
196 0.312153 0.341111 0.157639 0.233333
202 0.162847 0.430000 0.206250 0.253333
67 0.582639 0.363333 0.222222 0.422222