308 0.173264 0.186667 0.232639 0.231111
280 0.235069 0.206111 0.310417 0.156667
46 0.296528 0.104444 0.269444 0.084444
276 0.235069 0.417222 0.346528 0.154444
42 0.343056 0.082222 0.243056 0.077778
201 0.148611 0.237778 0.097222 0.048889
1 0.897917 0.154444 1.000000 0.066667
81 0.528472 0.127222 0.231944 0.181111
33 0.495139 0.216667 0.097222 0.048889
244 0.186458 0.522778 0.147917 0.161111
302 0.450347 0.479444 0.204861 0.232222
195 0.566667 0.252222 0.263889 0.148889
169 0.161806 0.109444 0.234722 0.118889
2 0.953472 0.067778 1.000000 0.066667
307 0.545139 0.197222 0.194444 0.263333
163 0.570486 0.488889 0.171528 0.126667