191 0.244444 0.242222 0.198611 0.260000
253 0.343056 0.332222 0.222222 0.208889
229 0.251389 0.303889 0.165278 0.198889
108 0.472917 0.550556 0.204167 0.223333
240 0.353125 0.162778 0.209028 0.112222
268 0.598611 0.407222 0.229167 0.203333
53 0.293056 0.085000 0.187500 0.067778
29 0.495833 0.368333 0.077778 0.043333
133 0.577431 0.137222 0.160417 0.143333
194 0.235069 0.469444 0.256250 0.227778
19 0.410417 0.078889 0.097222 0.048889
208 0.211458 0.285556 0.240972 0.155556
9 0.300000 0.533333 0.173611 0.555556
56 0.437500 0.212778 0.201389 0.070000
170 0.178125 0.331111 0.142361 0.157778
201 0.467361 0.305556 0.097222 0.048889
195 0.347569 0.246111 0.204861 0.141111
243 0.257292 0.510000 0.159028 0.168889
260 0.343750 0.412778 0.163889 0.150000
82 0.582292 0.447222 0.195139 0.212222
59 0.547569 0.374444 0.182639 0.086667
109 0.489583 0.432778 0.163889 0.161111
28 0.176389 0.302222 0.243056 0.077778
299 0.248611 0.497778 0.141667 0.255556