282 0.520486 0.487778 0.475694 0.206667
25 0.509722 0.163333 0.097222 0.048889
127 0.428125 0.101667 0.197917 0.152222
240 0.104861 0.313889 0.151389 0.203333
86 0.562500 0.272222 0.266667 0.268889
101 0.117708 0.324444 0.153472 0.117778
196 0.581597 0.295556 0.243750 0.173333
276 0.562847 0.316111 0.321528 0.076667
313 0.252778 0.175000 0.245833 0.252222
186 0.600694 0.505556 0.230556 0.271111
130 0.169792 0.515556 0.238194 0.273333
159 0.504861 0.485556 0.270833 0.144444
296 0.530903 0.105000 0.492361 0.103333
229 0.192361 0.449444 0.244444 0.250000
264 0.228125 0.175556 0.234028 0.208889
267 0.355903 0.420000 0.252083 0.140000