174 0.064583 0.273333 0.097222 0.048889
84 0.369444 0.461111 0.262500 0.182222
8 0.112500 0.413333 0.173611 0.555556
112 0.243056 0.368889 0.159722 0.157778
219 0.304861 0.086667 0.097222 0.048889
171 0.269792 0.557778 0.189583 0.257778
32 0.311458 0.194444 0.110417 0.046667
235 0.155903 0.288333 0.159028 0.127778
206 0.489583 0.418889 0.243056 0.077778
43 0.216667 0.248889 0.243056 0.077778
225 0.159028 0.441111 0.097222 0.048889
93 0.400347 0.342778 0.177083 0.181111
114 0.415972 0.107778 0.222222 0.131111
138 0.240278 0.371667 0.168056 0.212222
91 0.137500 0.495556 0.220833 0.248889
75 0.342361 0.563333 0.486111 0.266667
314 0.188542 0.195556 0.202083 0.173333
186 0.100347 0.510000 0.159028 0.226667
211 0.352083 0.158333 0.170833 0.234444
12 0.587847 0.259444 0.478472 0.121111
285 0.478125 0.214444 0.496528 0.131111
200 0.239583 0.096667 0.097222 0.048889
88 0.473264 0.536667 0.171528 0.228889
251 0.540278 0.141111 0.184722 0.131111
5 0.454167 0.117222 0.502778 0.076667