270 0.193750 0.378333 0.152778 0.141111
2 0.831944 0.450000 1.000000 0.066667
287 0.475347 0.528333 0.532639 0.201111
140 0.538194 0.328889 0.247222 0.153333
45 0.559028 0.217222 0.256944 0.107778
216 0.230903 0.448889 0.224306 0.204444
151 0.450694 0.347778 0.265278 0.128889
20 0.065972 0.448889 0.097222 0.048889
27 0.247222 0.074444 0.097222 0.048889
121 0.140972 0.351111 0.173611 0.160000
246 0.280556 0.478333 0.138889 0.263333
207 0.132639 0.314444 0.222222 0.422222
119 0.428819 0.205000 0.247917 0.134444