18 0.575000 0.400556 0.555556 0.087778
6 0.609722 0.450556 0.493056 0.087778
305 0.412500 0.366667 0.206944 0.188889
269 0.360417 0.460556 0.223611 0.241111
244 0.207986 0.434444 0.196528 0.237778
28 0.329167 0.277778 0.243056 0.077778
276 0.663194 0.140556 0.483333 0.105556
309 0.412500 0.454444 0.236111 0.224444
154 0.293750 0.307778 0.347222 0.388889
49 0.164931 0.130000 0.188194 0.088889
119 0.571875 0.175000 0.199306 0.194444
55 0.451042 0.202778 0.215972 0.081111
3 1.006250 0.180000 1.000000 0.066667
222 0.174306 0.563889 0.140278 0.243333
140 0.318750 0.135000 0.261111 0.218889
123 0.576736 0.483333 0.149306 0.191111
103 0.206597 0.486667 0.188194 0.186667
230 0.586111 0.357778 0.222222 0.422222
251 0.152431 0.404444 0.271528 0.226667
316 0.341319 0.333889 0.229861 0.176667
107 0.619444 0.254444 0.236111 0.184444
281 0.479167 0.437778 0.538889 0.080000
31 0.202431 0.059444 0.103472 0.041111