0 0.665278 0.130000 1.000000 0.066667
8 0.300694 0.701111 0.173611 0.555556
48 0.597569 0.342778 0.259028 0.078889
61 0.590625 0.163889 0.231250 0.110000
96 0.431597 0.148889 0.234028 0.142222
291 0.443403 0.196667 0.482639 0.082222
308 0.404167 0.390000 0.163889 0.171111
274 0.523611 0.149444 0.211111 0.143333
68 0.440972 0.480000 0.222222 0.422222
258 0.179861 0.358333 0.225000 0.232222
199 0.159375 0.330556 0.234028 0.212222
134 0.371181 0.251667 0.213194 0.207778
148 0.430208 0.157778 0.277083 0.211111
190 0.457986 0.323889 0.203472 0.185556
207 0.425000 0.465556 0.222222 0.422222
22 0.370139 0.245556 0.033333 0.053333
21 0.177083 0.067778 0.097222 0.048889
214 0.188194 0.350556 0.158333 0.230000
12 0.735069 0.178889 0.517361 0.175556
251 0.452778 0.301667 0.275000 0.158889
14 0.363542 0.483889 0.467361 0.083333
135 0.509722 0.468889 0.263889 0.111111
39 0.457639 0.341111 0.243056 0.077778
119 0.396528 0.405556 0.198611 0.248889