289 0.324306 0.334444 0.354167 0.195556
166 0.531597 0.212222 0.196528 0.160000
160 0.308681 0.545000 0.204861 0.227778
107 0.276042 0.176667 0.167361 0.115556
136 0.443403 0.387222 0.142361 0.221111
30 0.417014 0.110000 0.117361 0.040000
14 0.512847 0.358333 0.415972 0.112222
81 0.136806 0.250000 0.138889 0.186667
298 0.533333 0.177222 0.480556 0.136667
3 0.705556 0.437778 1.000000 0.066667
156 0.544444 0.623333 0.347222 0.388889
22 0.198611 0.136667 0.033333 0.053333
272 0.196875 0.324444 0.254861 0.140000
189 0.340278 0.473333 0.213889 0.157778
2 0.629861 0.246667 1.000000 0.066667
111 0.342014 0.412222 0.260417 0.160000
56 0.110417 0.115000 0.176389 0.083333
267 0.199306 0.458333 0.223611 0.185556
150 0.601042 0.180000 0.263194 0.115556
142 0.353472 0.220556 0.195833 0.156667