129 0.325694 0.142222 0.206944 0.162222
42 0.143750 0.207778 0.243056 0.077778
31 0.424653 0.438889 0.124306 0.044444
216 0.273611 0.257778 0.172222 0.137778
191 0.442361 0.403889 0.215278 0.132222
164 0.483333 0.193889 0.229167 0.132222
8 0.331250 0.357778 0.173611 0.555556
230 0.400694 0.258889 0.222222 0.422222
1 0.840972 0.461111 1.000000 0.066667
272 0.264236 0.346111 0.193750 0.114444
41 0.630556 0.108889 0.243056 0.077778
303 0.522917 0.387222 0.151389 0.214444
101 0.441667 0.532778 0.229167 0.218889
220 0.232639 0.193333 0.213889 0.244444
22 0.287500 0.094444 0.033333 0.053333
274 0.508333 0.255000 0.186111 0.161111
203 0.578125 0.317778 0.213194 0.248889
256 0.511458 0.211111 0.222917 0.231111
204 0.298611 0.417778 0.176389 0.268889
71 0.422569 0.370556 0.214583 0.147778
0 0.940278 0.101111 1.000000 0.066667
98 0.362500 0.433889 0.238889 0.190000
109 0.447222 0.322778 0.143056 0.167778