268 0.508681 0.262222 0.221528 0.122222
2 0.909028 0.464444 1.000000 0.066667
37 0.606250 0.185556 0.243056 0.077778
309 0.459375 0.372778 0.203472 0.145556
151 0.230556 0.313333 0.147222 0.260000
194 0.299306 0.188889 0.240278 0.206667
73 0.318403 0.100556 0.214583 0.136667
206 0.226389 0.110000 0.243056 0.077778
23 0.279861 0.324444 0.033333 0.053333
51 0.621875 0.275000 0.275694 0.083333
155 0.537500 0.407778 0.347222 0.388889
117 0.345833 0.486111 0.183333 0.125556
25 0.372222 0.260000 0.097222 0.048889
46 0.390972 0.481111 0.197222 0.097778
19 0.469444 0.072222 0.097222 0.048889
108 0.497917 0.493333 0.276389 0.246667
249 0.594444 0.311111 0.216667 0.111111
12 0.778819 0.397778 0.546528 0.155556
279 0.208333 0.237222 0.384722 0.158889
20 0.542361 0.447778 0.097222 0.048889
269 0.231944 0.435556 0.156944 0.175556
260 0.238889 0.305556 0.193056 0.197778
304 0.554861 0.463333 0.195833 0.260000