25 0.209028 0.272222 0.097222 0.048889
312 0.551389 0.204444 0.213889 0.251111
63 0.545139 0.248889 0.222222 0.422222
247 0.514236 0.170000 0.228472 0.124444
206 0.277778 0.363333 0.243056 0.077778
189 0.333681 0.187778 0.171528 0.182222
182 0.567014 0.260000 0.146528 0.233333
155 0.444444 0.578889 0.347222 0.388889
199 0.263194 0.290000 0.244444 0.206667
211 0.143056 0.182778 0.218056 0.156667
306 0.196528 0.195556 0.175000 0.148889
197 0.207986 0.498889 0.146528 0.262222
269 0.229861 0.451667 0.273611 0.170000
250 0.213889 0.243889 0.231944 0.261111
129 0.474306 0.330556 0.275000 0.225556
74 0.629167 0.225556 0.486111 0.266667
235 0.351042 0.287778 0.224306 0.237778
67 0.355556 0.472222 0.222222 0.422222
100 0.277083 0.554444 0.250000 0.262222