56 0.181597 0.433889 0.175694 0.072222
148 0.278125 0.221111 0.149306 0.164444
258 0.178125 0.185556 0.271528 0.148889
18 0.384028 0.130000 0.381944 0.157778
171 0.590278 0.207778 0.269444 0.262222
164 0.468056 0.343333 0.159722 0.164444
274 0.566667 0.461111 0.163889 0.260000
218 0.117014 0.468333 0.175694 0.223333
10 0.226736 0.201111 0.402083 0.091111
233 0.109375 0.225556 0.184028 0.137778
272 0.156597 0.355000 0.225694 0.212222
123 0.268403 0.121111 0.240972 0.115556
292 0.370139 0.278889 0.326389 0.175556
110 0.453472 0.311111 0.159722 0.155556
196 0.249653 0.213333 0.260417 0.188889
55 0.187153 0.407778 0.199306 0.077778
13 0.675694 0.156667 0.425000 0.193333
187 0.239236 0.133889 0.268750 0.165556
284 0.311806 0.167778 0.436111 0.157778
147 0.635417 0.396667 0.334722 0.535556