276 0.286111 0.319444 0.283333 0.194444
302 0.260069 0.338889 0.238194 0.188889
307 0.334722 0.427222 0.215278 0.143333
260 0.337500 0.485000 0.230556 0.127778
266 0.457986 0.205000 0.149306 0.192222
9 0.230556 0.573333 0.173611 0.555556
291 0.683333 0.231111 0.512500 0.095556
295 0.226736 0.420556 0.354861 0.096667
30 0.455903 0.271667 0.102083 0.045556
157 0.595833 0.238889 0.347222 0.388889
3 0.687500 0.066667 1.000000 0.066667
195 0.293403 0.255000 0.199306 0.250000
154 0.462500 0.553333 0.347222 0.388889
284 0.370486 0.108333 0.392361 0.150000
21 0.401389 0.440000 0.097222 0.048889
297 0.324306 0.490556 0.441667 0.178889
74 0.410417 0.310000 0.486111 0.266667
67 0.434028 0.303333 0.222222 0.422222
162 0.229514 0.432778 0.232639 0.258889
72 0.416667 0.211667 0.268056 0.141111
314 0.154514 0.192778 0.178472 0.236667
46 0.307639 0.110000 0.245833 0.071111
138 0.129861 0.185000 0.211111 0.145556
200 0.093056 0.323333 0.097222 0.048889