265 0.311111 0.174444 0.150000 0.206667
167 0.232292 0.531111 0.232639 0.177778
306 0.518403 0.287222 0.247917 0.221111
169 0.429514 0.220000 0.175694 0.180000
132 0.096181 0.437222 0.150694 0.272222
13 0.388194 0.249444 0.287500 0.141111
151 0.623264 0.387778 0.222917 0.255556
175 0.166667 0.200000 0.097222 0.048889
195 0.200347 0.228889 0.143750 0.268889
257 0.321528 0.330556 0.169444 0.232222
262 0.391319 0.361111 0.236806 0.117778
259 0.513194 0.471667 0.243056 0.132222
157 0.494444 0.313333 0.347222 0.388889
110 0.469792 0.160000 0.224306 0.242222
96 0.456597 0.482222 0.232639 0.144444
192 0.278125 0.248889 0.224306 0.248889
117 0.254514 0.166667 0.147917 0.257778
43 0.194444 0.445556 0.243056 0.077778
23 0.454861 0.287778 0.033333 0.053333
203 0.426389 0.498333 0.250000 0.138889
220 0.614931 0.216111 0.242361 0.261111
165 0.626736 0.472222 0.252083 0.188889