88 0.542361 0.357222 0.212500 0.112222
159 0.216319 0.299444 0.174306 0.218889
49 0.264583 0.285000 0.231944 0.087778
316 0.443403 0.248333 0.257639 0.178889
178 0.486806 0.524444 0.163889 0.228889
196 0.305208 0.513333 0.168750 0.193333
37 0.359028 0.127778 0.243056 0.077778
312 0.180556 0.397222 0.220833 0.134444
241 0.599306 0.518333 0.266667 0.250000
307 0.416667 0.255000 0.245833 0.265556
63 0.590972 0.576667 0.222222 0.422222
265 0.245486 0.573889 0.235417 0.263333
94 0.507292 0.297778 0.220139 0.255556
95 0.605903 0.462222 0.228472 0.175556
38 0.523611 0.341111 0.243056 0.077778
135 0.192014 0.530556 0.172917 0.250000
78 0.532986 0.371667 0.147917 0.196667
77 0.606944 0.331111 0.486111 0.266667
185 0.539583 0.279444 0.159722 0.170000
281 0.365625 0.196667 0.377083 0.137778
101 0.391667 0.228333 0.248611 0.167778