54 0.174306 0.067778 0.244444 0.091111
292 0.504167 0.225000 0.408333 0.096667
104 0.227083 0.284444 0.262500 0.126667
196 0.517361 0.521111 0.261111 0.271111
62 0.546528 0.447778 0.243056 0.077778
22 0.456944 0.298889 0.033333 0.053333
186 0.503125 0.363889 0.190972 0.150000
12 0.440625 0.290556 0.402083 0.118889
173 0.268056 0.243333 0.097222 0.048889
138 0.426736 0.315000 0.203472 0.258889
40 0.165972 0.268889 0.243056 0.077778
166 0.500000 0.501111 0.231944 0.215556
257 0.508681 0.301111 0.214583 0.182222
116 0.446528 0.254444 0.277778 0.233333