296 0.454861 0.223333 0.401389 0.131111
7 0.224306 0.371111 0.173611 0.555556
90 0.250000 0.371111 0.444444 0.444444
159 0.170833 0.430000 0.211111 0.266667
111 0.340972 0.176111 0.144444 0.183333
307 0.192361 0.248333 0.158333 0.232222
244 0.573958 0.340000 0.271528 0.113333
173 0.479167 0.310000 0.097222 0.048889
43 0.160417 0.336667 0.243056 0.077778
306 0.632292 0.180556 0.249306 0.230000
171 0.211806 0.473333 0.154167 0.191111
302 0.608333 0.433333 0.213889 0.220000
169 0.136111 0.262222 0.165278 0.122222
285 0.563889 0.145556 0.336111 0.117778
194 0.534028 0.370000 0.244444 0.157778
275 0.333681 0.226111 0.465972 0.105556
77 0.593750 0.397778 0.486111 0.266667
130 0.211806 0.508889 0.266667 0.142222
309 0.134028 0.496667 0.172222 0.253333
19 0.435417 0.061111 0.097222 0.048889