153 0.543750 0.425556 0.347222 0.388889
195 0.479514 0.473889 0.250694 0.118889
191 0.328819 0.375000 0.145139 0.198889
79 0.247222 0.407222 0.156944 0.145556
131 0.384375 0.363333 0.207639 0.146667
86 0.598958 0.197222 0.218750 0.276667
237 0.153472 0.352222 0.276389 0.264444
165 0.144792 0.421667 0.209028 0.132222
88 0.336458 0.344444 0.240972 0.188889
241 0.245486 0.268889 0.270139 0.271111
294 0.283333 0.535556 0.418056 0.204444
316 0.402431 0.413889 0.227083 0.205556
125 0.428472 0.427222 0.219444 0.254444
312 0.181250 0.553333 0.150000 0.244444
218 0.553472 0.156111 0.195833 0.212222
66 0.391667 0.500000 0.222222 0.422222
287 0.520833 0.340000 0.365278 0.197778
57 0.512500 0.085000 0.213889 0.083333
35 0.235417 0.140000 0.097222 0.048889