158 0.294444 0.471111 0.347222 0.388889
114 0.385764 0.548333 0.145139 0.256667
35 0.559028 0.256667 0.097222 0.048889
167 0.371181 0.248333 0.189583 0.196667
275 0.226736 0.334444 0.300694 0.124444
246 0.299653 0.245000 0.149306 0.218889
132 0.131250 0.300556 0.155556 0.250000
255 0.627778 0.447222 0.272222 0.134444
233 0.386806 0.420000 0.245833 0.248889
227 0.419097 0.489444 0.207639 0.127778
290 0.318403 0.270000 0.460417 0.140000
55 0.319444 0.363333 0.206944 0.106667
131 0.296181 0.371111 0.274306 0.262222
46 0.514236 0.418889 0.260417 0.097778
222 0.377083 0.373333 0.263889 0.133333
111 0.375000 0.211667 0.237500 0.276667
123 0.507292 0.319444 0.234028 0.243333