10 0.360764 0.374444 0.334028 0.144444
176 0.296181 0.204444 0.245139 0.233333
119 0.429167 0.161667 0.194444 0.238889
72 0.413542 0.562222 0.182639 0.268889
129 0.503125 0.312778 0.221528 0.156667
157 0.188889 0.250000 0.347222 0.388889
205 0.341667 0.456111 0.204167 0.210000
280 0.651042 0.274444 0.374306 0.115556
236 0.367708 0.271667 0.221528 0.225556
203 0.452778 0.341667 0.208333 0.132222
46 0.449653 0.071111 0.196528 0.097778
227 0.202778 0.366111 0.202778 0.203333
97 0.337847 0.553333 0.271528 0.251111
167 0.413542 0.226111 0.235417 0.232222
36 0.293056 0.124444 0.243056 0.077778
315 0.362153 0.412778 0.213194 0.245556