257 0.397222 0.216667 0.148611 0.164444
24 0.491667 0.374444 0.097222 0.048889
251 0.457986 0.093333 0.224306 0.113333
83 0.522222 0.231111 0.234722 0.215556
14 0.343403 0.491667 0.414583 0.110000
212 0.620486 0.238889 0.236806 0.206667
56 0.134375 0.384444 0.239583 0.066667
58 0.373958 0.436111 0.217361 0.074444
121 0.613194 0.471111 0.251389 0.115556
74 0.681944 0.440000 0.486111 0.266667
210 0.183333 0.487222 0.250000 0.170000
239 0.539236 0.105556 0.213194 0.124444
125 0.175694 0.147222 0.181944 0.114444
106 0.386458 0.207222 0.218750 0.141111
95 0.515278 0.454444 0.169444 0.215556
47 0.456944 0.467778 0.254167 0.108889
144 0.363889 0.388333 0.230556 0.192222
142 0.565278 0.160556 0.255556 0.134444
99 0.609722 0.472222 0.241667 0.222222
114 0.382986 0.134444 0.192361 0.180000
73 0.340972 0.166111 0.187500 0.165556
115 0.302778 0.363889 0.177778 0.232222
15 0.550000 0.382222 0.097222 0.048889
68 0.490972 0.301111 0.222222 0.422222
200 0.356944 0.352222 0.097222 0.048889