249 0.460417 0.208889 0.277778 0.173333
261 0.535417 0.368333 0.202778 0.274444
16 0.526389 0.431111 0.418056 0.097778
178 0.507986 0.435000 0.252083 0.190000
139 0.593750 0.440000 0.183333 0.246667
267 0.146528 0.121667 0.156944 0.190000
269 0.231250 0.513333 0.236111 0.177778
260 0.296181 0.372222 0.218750 0.160000
121 0.421181 0.289444 0.271528 0.256667
76 0.315972 0.463333 0.486111 0.266667
75 0.552083 0.165556 0.486111 0.266667
65 0.311806 0.647778 0.222222 0.422222
141 0.119792 0.508889 0.175694 0.208889
144 0.381250 0.388889 0.202778 0.193333
162 0.231597 0.330556 0.195139 0.205556