276 0.411111 0.325556 0.529167 0.146667
69 0.204167 0.638889 0.222222 0.422222
261 0.146875 0.420000 0.243750 0.271111
94 0.270486 0.378333 0.196528 0.172222
262 0.394097 0.505556 0.222917 0.151111
31 0.247917 0.146111 0.070833 0.041111
68 0.327083 0.266667 0.222222 0.422222
25 0.190972 0.383333 0.097222 0.048889
90 0.683333 0.298889 0.444444 0.444444
45 0.499653 0.222778 0.256250 0.090000
232 0.250347 0.171667 0.245139 0.196667
60 0.301736 0.183333 0.252083 0.111111
6 0.717361 0.172222 0.497222 0.202222
163 0.369097 0.212222 0.215972 0.206667
275 0.332639 0.212778 0.543056 0.216667
314 0.564236 0.503889 0.231250 0.232222
198 0.221875 0.218889 0.168750 0.242222
19 0.102778 0.145556 0.097222 0.048889
114 0.257986 0.513889 0.204861 0.190000
180 0.196875 0.181111 0.186806 0.257778