93 0.501389 0.427778 0.187500 0.204444
200 0.222917 0.237778 0.097222 0.048889
204 0.259375 0.460556 0.270139 0.196667
234 0.442361 0.161667 0.256944 0.218889
275 0.595833 0.198889 0.444444 0.213333
223 0.435417 0.396111 0.276389 0.221111
52 0.177431 0.465556 0.215972 0.108889
220 0.467361 0.505000 0.202778 0.170000
273 0.156250 0.125000 0.241667 0.150000
198 0.226042 0.271111 0.171528 0.268889
175 0.072917 0.170000 0.097222 0.048889
113 0.547222 0.193889 0.172222 0.227778
104 0.251389 0.236667 0.148611 0.182222
230 0.381250 0.366667 0.222222 0.422222
274 0.382986 0.482222 0.164583 0.188889