181 0.605556 0.300556 0.241667 0.247778
191 0.272917 0.351111 0.145833 0.146667
69 0.546528 0.455556 0.222222 0.422222
52 0.595833 0.129444 0.212500 0.074444
76 0.737500 0.414444 0.486111 0.266667
24 0.208333 0.195556 0.097222 0.048889
282 0.313542 0.440000 0.456250 0.115556
245 0.185069 0.190556 0.153472 0.245556
236 0.319097 0.322778 0.224306 0.196667
60 0.369444 0.452222 0.230556 0.091111
51 0.317014 0.398333 0.221528 0.085556
94 0.309375 0.441111 0.242361 0.213333
193 0.289931 0.355000 0.209028 0.210000
239 0.244444 0.317222 0.152778 0.161111
225 0.365278 0.194444 0.097222 0.048889
255 0.140972 0.502222 0.172222 0.237778
219 0.259028 0.268889 0.097222 0.048889
148 0.196875 0.386111 0.143750 0.232222
254 0.530903 0.415000 0.235417 0.145556
257 0.409375 0.267778 0.264583 0.246667
81 0.346528 0.439444 0.151389 0.274444
29 0.343750 0.392222 0.098611 0.048889
251 0.407986 0.439444 0.232639 0.243333