150 0.279861 0.292778 0.223611 0.198889
83 0.223264 0.510556 0.217361 0.158889
41 0.497222 0.351111 0.243056 0.077778
111 0.349306 0.386667 0.168056 0.213333
138 0.144097 0.319444 0.217361 0.210000
136 0.495486 0.257222 0.263194 0.212222
264 0.342708 0.507222 0.184028 0.203333
273 0.603125 0.292222 0.277083 0.120000
74 0.337500 0.245556 0.486111 0.266667
215 0.203125 0.311667 0.167361 0.174444
252 0.456944 0.460556 0.184722 0.216667
121 0.382986 0.343889 0.170139 0.121111
151 0.284722 0.378333 0.195833 0.212222
14 0.303125 0.280556 0.299306 0.214444
76 0.395833 0.480000 0.486111 0.266667