1 0.619444 0.364444 1.000000 0.066667
128 0.605903 0.356111 0.186806 0.116667
0 0.688889 0.271111 1.000000 0.066667
308 0.237153 0.384444 0.211806 0.182222
102 0.458333 0.378889 0.444444 0.444444
183 0.248958 0.456111 0.178472 0.116667
18 0.350000 0.373889 0.504167 0.147778
46 0.421181 0.246111 0.217361 0.085556
29 0.273958 0.347778 0.120139 0.042222
256 0.293750 0.143889 0.201389 0.165556
309 0.499306 0.404444 0.150000 0.171111
78 0.480208 0.506667 0.174306 0.231111
14 0.534375 0.422222 0.485417 0.204444
158 0.506944 0.253333 0.347222 0.388889
5 0.285764 0.420556 0.470139 0.203333