265 0.425347 0.151111 0.182639 0.233333
243 0.230208 0.237222 0.196528 0.125556
154 0.553472 0.472222 0.347222 0.388889
121 0.419792 0.473889 0.246528 0.185556
11 0.400694 0.127222 0.377778 0.210000
35 0.302778 0.177778 0.097222 0.048889
106 0.354514 0.546111 0.161806 0.241111
209 0.402778 0.400000 0.206944 0.120000
279 0.234375 0.326667 0.438194 0.115556
19 0.137500 0.216667 0.097222 0.048889
237 0.444444 0.501111 0.234722 0.260000
139 0.311458 0.122222 0.149306 0.200000
119 0.258333 0.090556 0.244444 0.112222