32 0.366319 0.176667 0.071528 0.040000
250 0.203472 0.128889 0.191667 0.131111
307 0.564931 0.148889 0.145139 0.151111
91 0.426736 0.555000 0.146528 0.225556
95 0.223611 0.168889 0.156944 0.260000
143 0.511806 0.187222 0.200000 0.114444
217 0.253472 0.182222 0.179167 0.235556
269 0.530208 0.497222 0.214583 0.116667
238 0.429167 0.125556 0.250000 0.177778
288 0.249306 0.170000 0.337500 0.142222
212 0.446528 0.245556 0.168056 0.262222
55 0.539583 0.373333 0.222222 0.095556
0 0.559028 0.133333 1.000000 0.066667
119 0.329861 0.493889 0.145833 0.114444