243 0.173264 0.366111 0.195139 0.170000
214 0.441667 0.478889 0.229167 0.131111
284 0.649653 0.468889 0.327083 0.184444
167 0.527778 0.397778 0.233333 0.115556
249 0.316667 0.320000 0.198611 0.220000
290 0.468403 0.173889 0.331250 0.114444
212 0.319097 0.368889 0.159028 0.271111
205 0.454861 0.352778 0.166667 0.212222
210 0.192014 0.172778 0.182639 0.125556
142 0.616667 0.363889 0.241667 0.232222
34 0.072917 0.398889 0.097222 0.048889
251 0.300347 0.194444 0.234028 0.233333
47 0.440625 0.215000 0.200694 0.083333
180 0.185417 0.218889 0.158333 0.160000
304 0.171528 0.131667 0.226389 0.185556
225 0.453472 0.447778 0.097222 0.048889
13 0.777778 0.423889 0.537500 0.207778
206 0.350000 0.116667 0.243056 0.077778
4 0.480556 0.307778 0.477778 0.086667