311 0.444792 0.130000 0.231250 0.153333
255 0.215278 0.520556 0.237500 0.156667
291 0.322569 0.226111 0.502083 0.152222
231 0.219444 0.268333 0.144444 0.134444
80 0.469097 0.175000 0.250694 0.207778
295 0.255556 0.126667 0.345833 0.128889
38 0.534722 0.353333 0.243056 0.077778
180 0.190278 0.162222 0.154167 0.140000
152 0.494097 0.530000 0.165972 0.277778
51 0.344097 0.118333 0.210417 0.110000
262 0.570486 0.200556 0.247917 0.267778
210 0.142361 0.307778 0.188889 0.273333
205 0.127431 0.462778 0.157639 0.154444
49 0.570833 0.186667 0.216667 0.097778
216 0.525694 0.432778 0.238889 0.143333
2 0.869444 0.303333 1.000000 0.066667
28 0.264583 0.186667 0.243056 0.077778
191 0.613889 0.238889 0.240278 0.224444