180 0.259028 0.481111 0.177778 0.211111
7 0.335417 0.308889 0.173611 0.555556
130 0.532639 0.192778 0.145833 0.112222
124 0.570486 0.410556 0.161806 0.123333
170 0.283333 0.437222 0.197222 0.232222
232 0.209375 0.452222 0.268750 0.113333
254 0.354861 0.239444 0.243056 0.214444
99 0.388889 0.115556 0.161111 0.131111
260 0.454167 0.223333 0.266667 0.200000
308 0.351042 0.290556 0.202083 0.227778
188 0.332292 0.292222 0.215972 0.240000
21 0.367361 0.142222 0.097222 0.048889
196 0.414236 0.282778 0.160417 0.270000
107 0.218750 0.304444 0.211111 0.144444
280 0.386806 0.121111 0.298611 0.184444
153 0.627778 0.258889 0.347222 0.388889
108 0.487500 0.310556 0.216667 0.170000
90 0.579861 0.253333 0.444444 0.444444
169 0.459028 0.286667 0.268056 0.162222
111 0.146528 0.415000 0.150000 0.241111
11 0.334722 0.160000 0.511111 0.124444
219 0.189583 0.315556 0.097222 0.048889
295 0.347569 0.164444 0.428472 0.122222
139 0.279861 0.477778 0.186111 0.244444