63 0.527778 0.396667 0.222222 0.422222
94 0.184375 0.387222 0.143750 0.203333
49 0.409028 0.311111 0.230556 0.084444
170 0.227083 0.518333 0.231944 0.161111
75 0.422917 0.350000 0.486111 0.266667
73 0.281250 0.179444 0.229167 0.174444
265 0.217708 0.404444 0.204861 0.246667
2 0.670139 0.208889 1.000000 0.066667
12 0.687153 0.250000 0.493750 0.217778
90 0.474306 0.431111 0.444444 0.444444
272 0.231250 0.301667 0.158333 0.147778
117 0.245139 0.426667 0.155556 0.182222
220 0.614236 0.394444 0.261806 0.237778
184 0.369444 0.433889 0.155556 0.194444
64 0.618056 0.621111 0.222222 0.422222
254 0.473958 0.421667 0.175694 0.158889
21 0.426389 0.333333 0.097222 0.048889
38 0.191667 0.075556 0.243056 0.077778