220 0.575347 0.183333 0.157639 0.206667
303 0.587847 0.231111 0.213194 0.188889
60 0.531597 0.302778 0.188194 0.072222
84 0.485417 0.394444 0.263889 0.211111
269 0.413194 0.190556 0.156944 0.181111
210 0.555208 0.420000 0.152083 0.255556
81 0.359375 0.383333 0.177083 0.226667
146 0.279167 0.323333 0.227778 0.113333
63 0.450000 0.425556 0.222222 0.422222
64 0.393056 0.284444 0.222222 0.422222
161 0.277778 0.472222 0.169444 0.157778
34 0.363194 0.120000 0.097222 0.048889
65 0.363889 0.615556 0.222222 0.422222
14 0.611111 0.491667 0.544444 0.194444
280 0.257986 0.396667 0.415972 0.088889
39 0.275000 0.213333 0.243056 0.077778
238 0.167361 0.506667 0.194444 0.262222
273 0.274306 0.155000 0.159722 0.241111
235 0.390972 0.391111 0.251389 0.151111
301 0.084722 0.267778 0.140278 0.260000
9 0.279167 0.614444 0.173611 0.555556