1 0.853472 0.437778 1.000000 0.066667
140 0.244444 0.221111 0.197222 0.253333
181 0.518750 0.388333 0.215278 0.114444
255 0.310764 0.149444 0.217361 0.145556
277 0.382292 0.481667 0.506250 0.076667
244 0.529514 0.437222 0.235417 0.196667
151 0.279167 0.364444 0.166667 0.226667
19 0.439583 0.061111 0.097222 0.048889
61 0.401389 0.091667 0.269444 0.107778
307 0.365278 0.490000 0.240278 0.135556
186 0.315278 0.133333 0.190278 0.131111
297 0.559722 0.290556 0.295833 0.201111
295 0.506944 0.233889 0.544444 0.087778
6 0.371875 0.082778 0.425694 0.096667