89 0.263889 0.204444 0.141667 0.260000
247 0.279861 0.354444 0.205556 0.235556
38 0.284028 0.095556 0.243056 0.077778
128 0.253472 0.357222 0.141667 0.221111
149 0.442361 0.514444 0.252778 0.404444
74 0.500000 0.520000 0.486111 0.266667
233 0.308333 0.142778 0.270833 0.138889
125 0.570486 0.098889 0.240972 0.153333
108 0.430208 0.296111 0.202083 0.265556
268 0.465278 0.375000 0.276389 0.216667
193 0.354514 0.085000 0.182639 0.121111
278 0.535069 0.173333 0.420139 0.173333
84 0.455208 0.536111 0.167361 0.243333
192 0.468056 0.314444 0.255556 0.200000
22 0.252083 0.091111 0.033333 0.053333
232 0.513889 0.402222 0.208333 0.213333
250 0.544792 0.420000 0.243750 0.220000
159 0.600000 0.200556 0.248611 0.127778
287 0.700347 0.321667 0.549306 0.081111