195 0.262153 0.333333 0.245139 0.124444
243 0.443750 0.279444 0.147222 0.256667
242 0.190625 0.384444 0.234028 0.260000
209 0.349306 0.457222 0.269444 0.132222
131 0.298264 0.282222 0.264583 0.175556
28 0.360417 0.163333 0.243056 0.077778
314 0.514583 0.231667 0.187500 0.276667
121 0.385417 0.523333 0.172222 0.160000
282 0.318056 0.141111 0.409722 0.208889
82 0.241667 0.369444 0.168056 0.150000
300 0.371528 0.533333 0.486111 0.266667
161 0.181597 0.422778 0.210417 0.192222
127 0.345833 0.208333 0.200000 0.227778
101 0.406944 0.463889 0.154167 0.261111
159 0.521875 0.278889 0.249306 0.260000
118 0.250347 0.224444 0.222917 0.131111
81 0.510069 0.146111 0.195139 0.174444
212 0.136458 0.393889 0.175694 0.143333
11 0.542361 0.305556 0.434722 0.082222
301 0.256944 0.530556 0.265278 0.270000
37 0.190278 0.245556 0.243056 0.077778
158 0.620139 0.455556 0.347222 0.388889
34 0.235417 0.307778 0.097222 0.048889
130 0.429514 0.404444 0.264583 0.153333
83 0.220833 0.252222 0.143056 0.137778