0 0.669444 0.102222 1.000000 0.066667
143 0.143056 0.475000 0.145833 0.238889
295 0.506597 0.195556 0.388194 0.215556
1 0.904861 0.436667 1.000000 0.066667
283 0.303472 0.236111 0.372222 0.101111
239 0.197222 0.221667 0.211111 0.245556
205 0.222917 0.161667 0.177778 0.136667
116 0.502083 0.353333 0.170833 0.188889
198 0.577431 0.207778 0.222917 0.268889
117 0.101736 0.366667 0.174306 0.248889
111 0.346181 0.486111 0.239583 0.232222
73 0.502431 0.261111 0.272917 0.173333
212 0.231597 0.276111 0.185417 0.156667
118 0.328125 0.441667 0.195139 0.116667
313 0.243750 0.295000 0.245833 0.136667
124 0.223611 0.307778 0.277778 0.184444
2 0.723611 0.084444 1.000000 0.066667
171 0.606597 0.393333 0.272917 0.275556
214 0.400694 0.216111 0.156944 0.230000
135 0.632986 0.355000 0.277083 0.116667
90 0.464583 0.293333 0.444444 0.444444
67 0.379167 0.554444 0.222222 0.422222