126 0.400347 0.170556 0.164583 0.205556
99 0.557292 0.279444 0.240972 0.261111
146 0.193056 0.532778 0.163889 0.243333
268 0.453125 0.138333 0.253472 0.223333
85 0.236458 0.290000 0.175694 0.235556
267 0.415625 0.275000 0.174306 0.198889
241 0.117708 0.423333 0.140972 0.251111
236 0.487153 0.163333 0.146528 0.220000
229 0.360069 0.133333 0.174306 0.206667
18 0.701389 0.231667 0.393056 0.130000
171 0.402083 0.213889 0.272222 0.230000
122 0.627083 0.225556 0.247222 0.144444
162 0.444097 0.155000 0.240972 0.185556
200 0.522917 0.095556 0.097222 0.048889
233 0.442708 0.192222 0.256250 0.206667
16 0.678819 0.333889 0.425694 0.154444
128 0.353472 0.416667 0.226389 0.128889