133 0.468403 0.203333 0.221528 0.182222
209 0.329861 0.336111 0.158333 0.198889
303 0.130208 0.366111 0.172917 0.205556
19 0.284722 0.335556 0.097222 0.048889
85 0.578819 0.211111 0.154861 0.231111
312 0.250694 0.187778 0.218056 0.180000
170 0.276736 0.263333 0.240972 0.175556
41 0.142361 0.218889 0.243056 0.077778
36 0.316667 0.464444 0.243056 0.077778
28 0.629861 0.283333 0.243056 0.077778
65 0.261111 0.641111 0.222222 0.422222
42 0.190972 0.437778 0.243056 0.077778
205 0.220833 0.520556 0.143056 0.154444
274 0.497222 0.520000 0.229167 0.204444
243 0.302778 0.127222 0.204167 0.127778
236 0.526389 0.155000 0.200000 0.234444
201 0.235417 0.332222 0.097222 0.048889
16 0.666319 0.396111 0.438194 0.187778
177 0.361806 0.353333 0.222222 0.237778
225 0.103472 0.092222 0.097222 0.048889
204 0.448264 0.158889 0.242361 0.273333
128 0.162847 0.351667 0.206250 0.216667
226 0.529167 0.183333 0.097222 0.048889