144 0.210069 0.217778 0.261806 0.120000
265 0.135417 0.402778 0.143056 0.138889
284 0.312500 0.380556 0.468056 0.085556
24 0.457639 0.160000 0.097222 0.048889
152 0.528125 0.185000 0.235417 0.238889
231 0.469444 0.441667 0.211111 0.272222
189 0.322569 0.302778 0.199306 0.265556
68 0.429167 0.323333 0.222222 0.422222
64 0.453472 0.318889 0.222222 0.422222
254 0.369097 0.502222 0.177083 0.260000
176 0.200694 0.118889 0.170833 0.184444
41 0.327778 0.271111 0.243056 0.077778
134 0.523264 0.497778 0.140972 0.120000
49 0.359375 0.157222 0.217361 0.094444
315 0.279514 0.426111 0.206250 0.267778