10 0.516319 0.527222 0.475694 0.181111
298 0.633333 0.442778 0.523611 0.081111
246 0.494444 0.424444 0.179167 0.275556
251 0.151389 0.184444 0.231944 0.131111
152 0.278125 0.493333 0.140972 0.164444
157 0.567361 0.566667 0.347222 0.388889
163 0.438194 0.500556 0.247222 0.245556
292 0.645486 0.264444 0.460417 0.193333
102 0.559722 0.503333 0.444444 0.444444
134 0.211806 0.308333 0.233333 0.132222
220 0.411111 0.301111 0.238889 0.162222
98 0.519444 0.489444 0.170833 0.138889
229 0.401042 0.145000 0.172917 0.141111
268 0.279861 0.118889 0.262500 0.160000
124 0.134375 0.254444 0.206250 0.146667
211 0.139583 0.217778 0.150000 0.275556
45 0.390972 0.472222 0.201389 0.104444
120 0.535417 0.175556 0.272222 0.264444
38 0.372222 0.418889 0.243056 0.077778
58 0.581944 0.172778 0.175000 0.070000
109 0.614236 0.405000 0.249306 0.263333
12 0.535764 0.340000 0.472917 0.188889
16 0.629167 0.118333 0.288889 0.067778
252 0.429514 0.564444 0.253472 0.246667
248 0.357639 0.446667 0.176389 0.182222