194 0.543403 0.205000 0.246528 0.227778
0 0.609028 0.100000 1.000000 0.066667
143 0.592361 0.470556 0.204167 0.172222
184 0.441319 0.479444 0.140972 0.225556
35 0.397222 0.287778 0.097222 0.048889
210 0.576736 0.559444 0.190972 0.234444
136 0.494792 0.397222 0.168750 0.207778
211 0.112847 0.236111 0.197917 0.270000
31 0.282292 0.234444 0.086806 0.040000
284 0.446528 0.358333 0.440278 0.085556
223 0.488542 0.460556 0.145139 0.270000
291 0.625347 0.307222 0.313194 0.167778
60 0.386806 0.465000 0.177778 0.110000
163 0.295486 0.533333 0.222917 0.251111
283 0.236806 0.208333 0.325000 0.074444
124 0.147569 0.170556 0.267361 0.154444
104 0.189236 0.235000 0.143750 0.150000