235 0.171528 0.383333 0.233333 0.168889
257 0.280208 0.527222 0.203472 0.172222
154 0.189583 0.245556 0.347222 0.388889
189 0.507639 0.352778 0.245833 0.152222
169 0.339931 0.452778 0.250694 0.254444
256 0.200347 0.453889 0.227083 0.272222
182 0.184375 0.095000 0.189583 0.123333
208 0.235069 0.145556 0.253472 0.215556
116 0.180556 0.216111 0.188889 0.221111
241 0.427431 0.394444 0.140972 0.180000
255 0.492014 0.453889 0.214583 0.236667
199 0.371528 0.528889 0.265278 0.220000
210 0.203819 0.443333 0.239583 0.175556
107 0.505903 0.164444 0.256250 0.184444