66 0.484028 0.242222 0.222222 0.422222
202 0.418403 0.330556 0.247917 0.218889
83 0.240278 0.497778 0.200000 0.157778
273 0.288194 0.168333 0.188889 0.154444
303 0.363194 0.419444 0.259722 0.225556
99 0.520486 0.192222 0.257639 0.133333
192 0.193750 0.419444 0.254167 0.261111
164 0.580208 0.456111 0.264583 0.247778
140 0.294097 0.385000 0.159028 0.136667
311 0.253472 0.475556 0.270833 0.242222
47 0.533681 0.188889 0.272917 0.082222
155 0.436806 0.573333 0.347222 0.388889
94 0.231944 0.429444 0.273611 0.170000
307 0.324653 0.433333 0.257639 0.262222
95 0.225694 0.216667 0.181944 0.215556
288 0.481944 0.116111 0.348611 0.110000
4 0.492708 0.305556 0.454861 0.080000
301 0.203472 0.151111 0.138889 0.188889
198 0.629167 0.328333 0.258333 0.241111
84 0.352778 0.258333 0.241667 0.143333
270 0.111458 0.433333 0.178472 0.206667
263 0.142361 0.176667 0.186111 0.275556
53 0.599306 0.411667 0.187500 0.072222