61 0.462500 0.462222 0.183333 0.084444
108 0.410764 0.126667 0.190972 0.177778
136 0.365625 0.226667 0.250694 0.277778
99 0.465625 0.303889 0.228472 0.192222
158 0.559028 0.291111 0.347222 0.388889
272 0.438194 0.260556 0.187500 0.272222
145 0.140625 0.420000 0.247917 0.148889
191 0.228819 0.563333 0.145139 0.277778
116 0.336111 0.159444 0.227778 0.274444
278 0.530903 0.123333 0.334028 0.120000
78 0.516319 0.110000 0.207639 0.155556
162 0.167708 0.433333 0.252083 0.251111
102 0.428472 0.505556 0.444444 0.444444
173 0.305556 0.398889 0.097222 0.048889
188 0.461111 0.452778 0.220833 0.145556
196 0.447222 0.543333 0.190278 0.228889
4 0.492361 0.358889 0.375000 0.133333
268 0.409722 0.571667 0.240278 0.263333
153 0.347222 0.238889 0.347222 0.388889
100 0.530903 0.328333 0.267361 0.230000
311 0.335764 0.276111 0.250694 0.172222
204 0.224306 0.208333 0.147222 0.265556