312 0.438542 0.300556 0.274306 0.250000
177 0.190278 0.352778 0.204167 0.187778
245 0.305208 0.225556 0.188194 0.211111
299 0.295139 0.510556 0.219444 0.270000
2 0.783333 0.340000 1.000000 0.066667
33 0.186111 0.191111 0.097222 0.048889
131 0.570139 0.415556 0.162500 0.131111
67 0.475000 0.580000 0.222222 0.422222
234 0.416319 0.536667 0.149306 0.208889
293 0.450694 0.096111 0.363889 0.078889
253 0.597222 0.113889 0.220833 0.130000
267 0.634028 0.370556 0.265278 0.203333
286 0.658333 0.429444 0.500000 0.116667
232 0.360069 0.142222 0.149306 0.175556
178 0.503472 0.187778 0.229167 0.240000