282 0.311458 0.443889 0.446528 0.203333
34 0.390972 0.190000 0.097222 0.048889
142 0.181944 0.390556 0.148611 0.265556
98 0.260417 0.157222 0.275000 0.203333
157 0.647917 0.370000 0.347222 0.388889
51 0.412500 0.385556 0.234722 0.100000
42 0.256944 0.084444 0.243056 0.077778
194 0.410417 0.427778 0.145833 0.111111
219 0.115972 0.431111 0.097222 0.048889
74 0.306250 0.186667 0.486111 0.266667
255 0.195139 0.351667 0.208333 0.134444
273 0.357986 0.513333 0.272917 0.186667
274 0.444097 0.551667 0.167361 0.252222
95 0.332986 0.263889 0.252083 0.218889
224 0.540625 0.513333 0.256250 0.137778
177 0.495833 0.330000 0.194444 0.148889
221 0.163542 0.310556 0.207639 0.161111
203 0.444097 0.554444 0.177083 0.268889
286 0.738542 0.208333 0.459028 0.123333
55 0.253472 0.157222 0.206944 0.087778