280 0.318750 0.242222 0.500000 0.175556
129 0.270833 0.342222 0.141667 0.235556
55 0.460764 0.468333 0.206250 0.087778
248 0.248611 0.420556 0.193056 0.236667
7 0.402778 0.471111 0.173611 0.555556
288 0.468750 0.270000 0.488889 0.084444
172 0.520486 0.373889 0.159028 0.245556
185 0.525000 0.433333 0.252778 0.204444
271 0.604514 0.516111 0.224306 0.234444
234 0.499306 0.149444 0.152778 0.243333
277 0.414583 0.205000 0.551389 0.152222
223 0.491667 0.417778 0.233333 0.111111
32 0.423958 0.378333 0.100694 0.041111
41 0.338194 0.470000 0.243056 0.077778
267 0.615625 0.483333 0.229861 0.226667
284 0.190625 0.108889 0.290972 0.113333
310 0.318403 0.324444 0.157639 0.246667