311 0.160069 0.372778 0.256250 0.241111
76 0.583333 0.495556 0.486111 0.266667
172 0.624306 0.233889 0.229167 0.116667
170 0.149653 0.130000 0.256250 0.131111
29 0.403819 0.153333 0.099306 0.046667
4 0.634722 0.178333 0.522222 0.090000
110 0.617361 0.521667 0.247222 0.252222
223 0.510069 0.378889 0.188194 0.231111
53 0.185417 0.081667 0.258333 0.072222
278 0.490972 0.377778 0.340278 0.155556
143 0.563889 0.273333 0.179167 0.224444
203 0.582292 0.110556 0.263194 0.154444
285 0.302083 0.451667 0.363889 0.167778
176 0.311111 0.409444 0.208333 0.132222