58 0.298611 0.458889 0.191667 0.071111
93 0.583681 0.483333 0.229861 0.266667
165 0.542014 0.277222 0.168750 0.116667
56 0.477778 0.380000 0.269444 0.111111
32 0.122222 0.059444 0.120833 0.047778
278 0.642014 0.240556 0.410417 0.194444
80 0.541667 0.167778 0.276389 0.182222
91 0.248958 0.407222 0.142361 0.232222
143 0.510069 0.498889 0.232639 0.260000
37 0.256944 0.101111 0.243056 0.077778
70 0.154861 0.159444 0.193056 0.152222
74 0.506944 0.428889 0.486111 0.266667
178 0.302431 0.317222 0.143750 0.145556
68 0.355556 0.254444 0.222222 0.422222
137 0.164583 0.175556 0.168056 0.126667
87 0.550347 0.412222 0.274306 0.202222
167 0.141319 0.186111 0.253472 0.234444
158 0.537500 0.631111 0.347222 0.388889
313 0.595486 0.223889 0.184028 0.174444
5 0.312153 0.397222 0.340972 0.216667
65 0.307639 0.516667 0.222222 0.422222
171 0.459375 0.331667 0.268750 0.152222
268 0.586111 0.323333 0.255556 0.122222