11 0.676042 0.387222 0.463194 0.110000
121 0.557639 0.231667 0.145833 0.230000
260 0.133681 0.432222 0.157639 0.131111
274 0.245139 0.371111 0.201389 0.264444
314 0.419097 0.226667 0.179861 0.180000
52 0.273264 0.258333 0.178472 0.087778
195 0.417708 0.530556 0.263194 0.205556
263 0.320139 0.348333 0.205556 0.187778
39 0.455556 0.410000 0.243056 0.077778
264 0.562847 0.345000 0.217361 0.272222
191 0.421181 0.270556 0.263194 0.112222
9 0.551389 0.715556 0.173611 0.555556
198 0.254514 0.207222 0.271528 0.223333
3 0.918750 0.301111 1.000000 0.066667
79 0.346875 0.364444 0.232639 0.146667
239 0.273611 0.190000 0.226389 0.122222
74 0.540278 0.332222 0.486111 0.266667
107 0.396181 0.329444 0.231250 0.198889