83 0.332292 0.252778 0.175694 0.187778
195 0.411806 0.136667 0.250000 0.171111
88 0.560764 0.121667 0.238194 0.161111
137 0.178472 0.191667 0.215278 0.145556
104 0.647222 0.086111 0.272222 0.114444
60 0.395833 0.127222 0.251389 0.092222
283 0.310764 0.533889 0.485417 0.218889
214 0.129514 0.407222 0.160417 0.132222
274 0.271875 0.333889 0.277083 0.132222
90 0.509722 0.645556 0.444444 0.444444
93 0.475000 0.267778 0.233333 0.175556
132 0.129514 0.140556 0.143750 0.178889
248 0.373611 0.143889 0.229167 0.112222
59 0.352083 0.080556 0.272222 0.096667
268 0.542361 0.217778 0.218056 0.248889
189 0.218056 0.287778 0.206944 0.126667
272 0.318750 0.108889 0.233333 0.162222
29 0.297222 0.145000 0.106944 0.052222
53 0.505903 0.443889 0.214583 0.101111