135 0.549653 0.298333 0.240972 0.187778
274 0.346528 0.438333 0.259722 0.265556
269 0.243403 0.124444 0.210417 0.126667
114 0.150694 0.181667 0.193056 0.134444
40 0.262500 0.330000 0.243056 0.077778
151 0.613542 0.439444 0.213194 0.261111
43 0.254861 0.271111 0.243056 0.077778
220 0.575694 0.497778 0.198611 0.224444
167 0.496528 0.528333 0.250000 0.254444
148 0.522569 0.335000 0.165972 0.201111
281 0.738542 0.263333 0.482639 0.157778
142 0.487847 0.361111 0.253472 0.168889
271 0.387847 0.276667 0.238194 0.135556
118 0.564931 0.547222 0.235417 0.245556
132 0.236111 0.275000 0.183333 0.116667
251 0.192708 0.550000 0.213194 0.213333
173 0.272917 0.300000 0.097222 0.048889
265 0.405556 0.163333 0.234722 0.188889
126 0.543056 0.188333 0.152778 0.265556
302 0.365625 0.426111 0.181250 0.118889
191 0.617708 0.432778 0.232639 0.123333