237 0.517014 0.342222 0.228472 0.202222
309 0.426389 0.103889 0.254167 0.158889
252 0.296181 0.514444 0.189583 0.211111
182 0.499653 0.260556 0.181250 0.158889
184 0.221875 0.185000 0.211806 0.125556
148 0.431597 0.208889 0.185417 0.204444
87 0.325694 0.353889 0.179167 0.163333
254 0.142361 0.356111 0.193056 0.172222
152 0.223264 0.266667 0.254861 0.233333
197 0.157986 0.537222 0.159028 0.192222
275 0.365972 0.513333 0.295833 0.142222
162 0.351389 0.457778 0.273611 0.175556
180 0.384028 0.086667 0.263889 0.126667
35 0.277083 0.152222 0.097222 0.048889
113 0.303472 0.531111 0.255556 0.277778
274 0.307292 0.194444 0.153472 0.195556
246 0.345139 0.327778 0.175000 0.235556
265 0.201042 0.502222 0.242361 0.242222
53 0.415625 0.077778 0.214583 0.097778