159 0.384722 0.165000 0.265278 0.245556
39 0.483333 0.096667 0.243056 0.077778
106 0.316667 0.237222 0.145833 0.194444
193 0.509028 0.187778 0.155556 0.197778
214 0.286458 0.343333 0.267361 0.262222
234 0.477431 0.313889 0.184028 0.150000
108 0.425000 0.137778 0.159722 0.122222
26 0.371528 0.128889 0.097222 0.048889
95 0.089236 0.564444 0.146528 0.262222
163 0.431597 0.405000 0.210417 0.185556
196 0.180208 0.407222 0.267361 0.125556
27 0.284028 0.237778 0.097222 0.048889
218 0.121528 0.277222 0.183333 0.247778
29 0.257986 0.435556 0.110417 0.040000
45 0.598611 0.066667 0.177778 0.071111
307 0.407292 0.134444 0.186806 0.200000
36 0.499306 0.081111 0.243056 0.077778
216 0.242014 0.360556 0.228472 0.241111
162 0.444444 0.379444 0.215278 0.187778
22 0.184028 0.165556 0.033333 0.053333
224 0.141667 0.330000 0.190278 0.264444