71 0.392014 0.287778 0.203472 0.188889
131 0.586458 0.411667 0.170139 0.116667
256 0.464931 0.508889 0.182639 0.202222
127 0.569792 0.198889 0.146528 0.146667
155 0.488889 0.350000 0.347222 0.388889
245 0.321181 0.226111 0.139583 0.127778
45 0.385417 0.183333 0.276389 0.071111
226 0.194444 0.353333 0.097222 0.048889
186 0.400694 0.325556 0.194444 0.244444
229 0.522222 0.133889 0.169444 0.172222
34 0.438194 0.324444 0.097222 0.048889
53 0.169444 0.283333 0.215278 0.104444
201 0.507639 0.214444 0.097222 0.048889
104 0.407292 0.277222 0.202083 0.234444
6 0.565278 0.292222 0.476389 0.113333
185 0.272222 0.469444 0.197222 0.247778
175 0.146528 0.124444 0.097222 0.048889
194 0.612847 0.131111 0.220139 0.144444
24 0.520139 0.373333 0.097222 0.048889
144 0.536806 0.246667 0.273611 0.277778