205 0.186806 0.349444 0.213889 0.123333
14 0.614931 0.439444 0.535417 0.121111
204 0.484375 0.340000 0.161806 0.146667
24 0.072222 0.401111 0.097222 0.048889
221 0.283681 0.478333 0.185417 0.274444
82 0.613889 0.498889 0.275000 0.131111
173 0.253472 0.181111 0.097222 0.048889
165 0.572222 0.342222 0.205556 0.202222
77 0.640278 0.495556 0.486111 0.266667
291 0.622917 0.358889 0.368056 0.102222
96 0.404167 0.245000 0.145833 0.201111
309 0.290625 0.342222 0.190972 0.173333
134 0.488542 0.374444 0.167361 0.162222
164 0.514931 0.133333 0.265972 0.184444