265 0.264583 0.403889 0.263889 0.205556
312 0.293403 0.363889 0.185417 0.210000
254 0.531597 0.448889 0.167361 0.228889
239 0.525347 0.558333 0.247917 0.234444
157 0.332639 0.463333 0.347222 0.388889
286 0.579167 0.466667 0.319444 0.126667
16 0.331597 0.294444 0.324306 0.075556
19 0.123611 0.114444 0.097222 0.048889
139 0.599306 0.230556 0.223611 0.125556
20 0.445833 0.201111 0.097222 0.048889
197 0.361111 0.408333 0.138889 0.232222
78 0.373611 0.353889 0.259722 0.252222
191 0.352083 0.404444 0.269444 0.268889
93 0.434722 0.176667 0.265278 0.264444
81 0.326736 0.185556 0.186806 0.226667
5 0.494792 0.310556 0.359028 0.156667
279 0.633333 0.267222 0.500000 0.181111
90 0.464583 0.310000 0.444444 0.444444
280 0.569444 0.485000 0.515278 0.110000
290 0.721181 0.398889 0.425694 0.220000
94 0.233333 0.362222 0.259722 0.233333