265 0.369792 0.527222 0.256250 0.181111
287 0.634375 0.480000 0.393750 0.100000
309 0.515278 0.472778 0.212500 0.138889
141 0.159028 0.299444 0.225000 0.225556
91 0.167708 0.411667 0.243750 0.205556
178 0.402083 0.309444 0.252778 0.221111
6 0.360069 0.534444 0.374306 0.215556
140 0.313889 0.322778 0.275000 0.223333
23 0.229861 0.253333 0.033333 0.053333
27 0.551389 0.120000 0.097222 0.048889
151 0.451736 0.505000 0.260417 0.210000
57 0.230208 0.256667 0.197917 0.084444
13 0.362500 0.352778 0.369444 0.210000
135 0.229514 0.295000 0.213194 0.181111