266 0.195139 0.135556 0.209722 0.188889
227 0.488542 0.190556 0.146528 0.272222
66 0.225000 0.536667 0.222222 0.422222
140 0.486111 0.358889 0.188889 0.220000
192 0.476042 0.284444 0.152083 0.257778
8 0.515278 0.517778 0.173611 0.555556
13 0.574306 0.493333 0.405556 0.133333
2 0.966667 0.217778 1.000000 0.066667
112 0.480556 0.398889 0.172222 0.173333
69 0.543750 0.263333 0.222222 0.422222
271 0.470139 0.480000 0.212500 0.228889
163 0.314583 0.332778 0.187500 0.158889
30 0.419444 0.410000 0.113889 0.044444
299 0.335417 0.215000 0.220833 0.167778
121 0.149653 0.315000 0.139583 0.152222
137 0.230903 0.118333 0.146528 0.112222
128 0.207986 0.196111 0.268750 0.147778
217 0.293056 0.126667 0.238889 0.160000
196 0.275347 0.540556 0.257639 0.196667
25 0.458333 0.244444 0.097222 0.048889
258 0.157986 0.362222 0.199306 0.257778
298 0.340972 0.447222 0.344444 0.196667