48 0.365972 0.289444 0.247222 0.092222
275 0.266667 0.305556 0.426389 0.211111
301 0.495833 0.264444 0.218056 0.204444
110 0.281250 0.255556 0.186111 0.206667
52 0.391319 0.105000 0.217361 0.105556
10 0.315278 0.433889 0.316667 0.094444
188 0.569792 0.145556 0.270139 0.111111
260 0.586806 0.379444 0.159722 0.178889
219 0.086111 0.341111 0.097222 0.048889
14 0.451042 0.241667 0.475694 0.165556
140 0.100694 0.246667 0.151389 0.144444
71 0.472222 0.569444 0.251389 0.270000
245 0.311806 0.165556 0.201389 0.164444
121 0.338889 0.482778 0.200000 0.121111