268 0.455903 0.287222 0.224306 0.218889
210 0.385417 0.336667 0.222222 0.122222
94 0.223264 0.287222 0.232639 0.141111
291 0.725000 0.321667 0.488889 0.083333
93 0.518750 0.532778 0.140278 0.212222
260 0.480208 0.186111 0.242361 0.121111
273 0.265625 0.286111 0.228472 0.145556
230 0.404861 0.642222 0.222222 0.422222
214 0.420486 0.363889 0.199306 0.227778
211 0.396181 0.411667 0.207639 0.247778
187 0.270139 0.526111 0.222222 0.176667
23 0.417361 0.278889 0.033333 0.053333
25 0.561111 0.292222 0.097222 0.048889
90 0.411111 0.578889 0.444444 0.444444
101 0.330208 0.157778 0.240972 0.195556
60 0.245139 0.147222 0.243056 0.101111
204 0.332639 0.361667 0.236111 0.212222
119 0.302431 0.416667 0.239583 0.186667
166 0.251042 0.404444 0.139583 0.144444