302 0.182986 0.182778 0.215972 0.163333
309 0.340625 0.357778 0.190972 0.222222
160 0.401389 0.572778 0.195833 0.267778
168 0.312153 0.134444 0.190972 0.122222
297 0.302431 0.506667 0.345139 0.204444
252 0.188542 0.248889 0.168750 0.184444
123 0.281944 0.485000 0.241667 0.167778
185 0.097917 0.140000 0.163889 0.188889
135 0.609722 0.225000 0.223611 0.156667
33 0.109722 0.305556 0.097222 0.048889
303 0.275694 0.561667 0.223611 0.258889
87 0.245139 0.108333 0.227778 0.167778
300 0.756944 0.291111 0.486111 0.266667
140 0.219792 0.523333 0.249306 0.160000
52 0.550347 0.156111 0.179861 0.090000
48 0.485069 0.450556 0.192361 0.101111
157 0.627778 0.248889 0.347222 0.388889
32 0.404861 0.351667 0.119444 0.043333
133 0.264931 0.459444 0.228472 0.212222
29 0.224653 0.295556 0.092361 0.048889
144 0.596528 0.330556 0.256944 0.252222
42 0.523611 0.381111 0.243056 0.077778