262 0.163889 0.397778 0.169444 0.273333
195 0.229861 0.395556 0.262500 0.215556
282 0.542014 0.287778 0.414583 0.144444
131 0.599306 0.406667 0.261111 0.248889
164 0.534028 0.380556 0.219444 0.267778
305 0.149306 0.360000 0.166667 0.268889
3 0.830556 0.166667 1.000000 0.066667
179 0.500694 0.320556 0.191667 0.196667
51 0.604514 0.135556 0.238194 0.104444
301 0.411458 0.411111 0.163194 0.133333
84 0.351736 0.379444 0.221528 0.141111
129 0.268056 0.450000 0.275000 0.268889
62 0.509722 0.240000 0.243056 0.077778
61 0.335417 0.446111 0.266667 0.101111
232 0.385069 0.101111 0.218750 0.117778
196 0.316319 0.178333 0.232639 0.143333
70 0.470486 0.265000 0.204861 0.181111