253 0.428125 0.199444 0.164583 0.150000
195 0.231944 0.117778 0.263889 0.124444
171 0.394792 0.516667 0.146528 0.220000
13 0.465625 0.241667 0.539583 0.074444
135 0.180208 0.452778 0.172917 0.198889
116 0.417014 0.438333 0.243750 0.245556
162 0.595139 0.522222 0.226389 0.271111
153 0.607639 0.545556 0.347222 0.388889
260 0.321528 0.356667 0.233333 0.160000
121 0.253819 0.335556 0.271528 0.151111
25 0.155556 0.211111 0.097222 0.048889
208 0.161806 0.363333 0.165278 0.184444
131 0.516667 0.282222 0.219444 0.131111
53 0.405556 0.347778 0.276389 0.084444
66 0.577083 0.396667 0.222222 0.422222
120 0.572222 0.512222 0.150000 0.191111