269 0.482292 0.160000 0.190972 0.191111
183 0.136458 0.331667 0.182639 0.218889
273 0.138194 0.406667 0.211111 0.195556
30 0.370833 0.076667 0.083333 0.044444
227 0.519792 0.191111 0.215972 0.251111
260 0.315625 0.374444 0.257639 0.160000
191 0.422917 0.416667 0.262500 0.113333
88 0.497222 0.453889 0.195833 0.236667
39 0.273611 0.420000 0.243056 0.077778
245 0.343750 0.452778 0.177778 0.136667
53 0.192708 0.478333 0.182639 0.070000
308 0.294792 0.425000 0.167361 0.258889
206 0.477083 0.264444 0.243056 0.077778
11 0.637847 0.070000 0.532639 0.086667
137 0.513889 0.119444 0.270833 0.183333
176 0.603819 0.494444 0.235417 0.213333
222 0.336458 0.458889 0.234028 0.180000