46 0.471181 0.355000 0.185417 0.081111
148 0.429167 0.125000 0.172222 0.192222
138 0.294792 0.419444 0.234028 0.234444
147 0.602083 0.570000 0.334722 0.535556
289 0.575347 0.418333 0.495139 0.185556
229 0.468750 0.105000 0.176389 0.121111
296 0.328472 0.157778 0.522222 0.075556
146 0.211458 0.437222 0.190972 0.216667
302 0.208333 0.322222 0.213889 0.162222
86 0.219792 0.129444 0.184028 0.127778
291 0.261458 0.482222 0.439583 0.148889
21 0.129861 0.463333 0.097222 0.048889
236 0.285069 0.381111 0.239583 0.211111
4 0.298958 0.083333 0.525694 0.097778
308 0.350694 0.421667 0.209722 0.196667
266 0.263194 0.308333 0.175000 0.121111
187 0.438542 0.417222 0.275694 0.174444
191 0.403819 0.508333 0.261806 0.176667
297 0.443403 0.162778 0.414583 0.101111
69 0.431944 0.312222 0.222222 0.422222
135 0.565625 0.199444 0.179861 0.147778
269 0.390972 0.513889 0.254167 0.212222