79 0.200347 0.323889 0.246528 0.194444
262 0.160417 0.233333 0.181944 0.228889
147 0.317361 0.707778 0.334722 0.535556
190 0.324306 0.492222 0.245833 0.135556
269 0.245486 0.103333 0.152083 0.151111
54 0.225000 0.223333 0.215278 0.095556
2 0.996528 0.056667 1.000000 0.066667
132 0.398264 0.463333 0.263194 0.215556
210 0.467361 0.480000 0.206944 0.142222
248 0.306944 0.140556 0.143056 0.170000
221 0.319097 0.146111 0.211806 0.150000
252 0.520139 0.431111 0.168056 0.251111
186 0.290278 0.365000 0.240278 0.185556
109 0.247222 0.420000 0.155556 0.180000
151 0.292014 0.423889 0.152083 0.123333
228 0.387500 0.388333 0.213889 0.121111
239 0.145139 0.373333 0.215278 0.162222