128 0.367014 0.498333 0.154861 0.185556
44 0.287500 0.203333 0.243056 0.077778
47 0.287847 0.132778 0.231250 0.083333
85 0.481597 0.201111 0.178472 0.268889
65 0.268750 0.283333 0.222222 0.422222
80 0.240625 0.202222 0.218750 0.197778
295 0.641319 0.126667 0.354861 0.188889
247 0.512153 0.170000 0.264583 0.211111
240 0.308333 0.202778 0.259722 0.267778
254 0.280903 0.470556 0.264583 0.267778
285 0.659375 0.248333 0.434028 0.216667
64 0.526389 0.534444 0.222222 0.422222
219 0.236111 0.263333 0.097222 0.048889
116 0.362847 0.430556 0.153472 0.265556
30 0.226736 0.351667 0.109028 0.045556
178 0.500694 0.202778 0.172222 0.192222
162 0.196181 0.246667 0.209028 0.200000
32 0.098611 0.249444 0.115278 0.041111
232 0.178472 0.312778 0.218056 0.123333
157 0.272917 0.505556 0.347222 0.388889