242 0.508681 0.522778 0.185417 0.218889
8 0.243750 0.722222 0.173611 0.555556
151 0.270139 0.115556 0.191667 0.157778
291 0.503125 0.265000 0.465972 0.070000
72 0.174653 0.166111 0.185417 0.214444
52 0.297917 0.231111 0.243056 0.088889
209 0.518056 0.192778 0.276389 0.172222
294 0.381944 0.376111 0.290278 0.190000
193 0.197222 0.228889 0.276389 0.197778
56 0.231597 0.404444 0.261806 0.080000
308 0.128819 0.112778 0.157639 0.176667
229 0.529514 0.367222 0.261806 0.205556
269 0.487153 0.411667 0.167361 0.147778
212 0.251042 0.264444 0.161806 0.166667
168 0.200694 0.479444 0.170833 0.114444
107 0.624306 0.475556 0.247222 0.208889