9 0.424306 0.688889 0.173611 0.555556
1 0.969444 0.200000 1.000000 0.066667
191 0.246875 0.251111 0.203472 0.115556
21 0.365278 0.405556 0.097222 0.048889
140 0.210417 0.428889 0.191667 0.153333
305 0.265972 0.396111 0.141667 0.161111
207 0.565972 0.601111 0.222222 0.422222
197 0.466319 0.466111 0.188194 0.272222
178 0.428472 0.319444 0.140278 0.181111
84 0.340972 0.327778 0.176389 0.171111
258 0.299306 0.440000 0.190278 0.262222
80 0.493056 0.522778 0.147222 0.270000
134 0.400347 0.473889 0.140972 0.174444
55 0.534375 0.444444 0.236806 0.106667
294 0.597222 0.230556 0.383333 0.116667
291 0.636111 0.121111 0.304167 0.115556
224 0.350694 0.287222 0.198611 0.114444