69 0.355556 0.540000 0.222222 0.422222
23 0.379167 0.451111 0.033333 0.053333
200 0.445833 0.256667 0.097222 0.048889
13 0.364931 0.226667 0.522917 0.171111
138 0.309375 0.205000 0.253472 0.145556
314 0.462500 0.517222 0.150000 0.156667
293 0.558333 0.262222 0.519444 0.155556
88 0.572569 0.183333 0.192361 0.228889
188 0.398264 0.468333 0.234028 0.201111
48 0.409028 0.278889 0.227778 0.093333
178 0.222222 0.297778 0.162500 0.157778
191 0.357986 0.246667 0.210417 0.220000
125 0.336458 0.112778 0.249306 0.178889
27 0.544444 0.154444 0.097222 0.048889
184 0.488889 0.453333 0.277778 0.155556
73 0.351042 0.106111 0.236806 0.121111
152 0.352083 0.502778 0.172222 0.170000
119 0.161111 0.227778 0.191667 0.191111
315 0.151389 0.157222 0.227778 0.141111