116 0.507639 0.265000 0.184722 0.143333
198 0.177083 0.192222 0.148611 0.215556
103 0.334375 0.469444 0.168750 0.223333
187 0.293056 0.241111 0.254167 0.115556
165 0.309375 0.438333 0.161806 0.227778
159 0.477083 0.173889 0.262500 0.167778
278 0.644792 0.105556 0.525694 0.077778
174 0.524306 0.106667 0.097222 0.048889
286 0.597222 0.427222 0.487500 0.110000
94 0.479167 0.276111 0.226389 0.263333
213 0.138889 0.287222 0.151389 0.205556
314 0.578125 0.197778 0.142361 0.211111
257 0.385417 0.467222 0.247222 0.263333
25 0.229167 0.253333 0.097222 0.048889
133 0.183333 0.428889 0.219444 0.211111
57 0.164236 0.300000 0.228472 0.088889
67 0.583333 0.373333 0.222222 0.422222
33 0.136806 0.276667 0.097222 0.048889
63 0.363889 0.371111 0.222222 0.422222
30 0.514931 0.135000 0.092361 0.043333
110 0.286458 0.172222 0.232639 0.131111
220 0.393403 0.175556 0.271528 0.128889
119 0.288194 0.487778 0.211111 0.171111