102 0.705556 0.405556 0.444444 0.444444
164 0.496181 0.346667 0.192361 0.171111
122 0.352778 0.200556 0.191667 0.252222
234 0.230903 0.376667 0.234028 0.133333
210 0.253819 0.331667 0.147917 0.254444
252 0.435417 0.383333 0.216667 0.162222
149 0.600694 0.447778 0.252778 0.404444
54 0.450000 0.182222 0.240278 0.080000
297 0.706250 0.317222 0.545833 0.107778
264 0.477778 0.249444 0.156944 0.274444
113 0.403819 0.131667 0.270139 0.181111
76 0.718056 0.551111 0.486111 0.266667
104 0.287847 0.120000 0.196528 0.153333
98 0.625694 0.173889 0.250000 0.194444
95 0.216667 0.338333 0.234722 0.198889
151 0.120139 0.378333 0.148611 0.210000
165 0.285764 0.186111 0.150694 0.225556
300 0.373611 0.510000 0.486111 0.266667
187 0.446181 0.307778 0.171528 0.202222
270 0.311111 0.535000 0.269444 0.218889