30 0.375000 0.351111 0.072222 0.046667
59 0.588542 0.228889 0.185417 0.097778
7 0.538889 0.642222 0.173611 0.555556
193 0.536458 0.110556 0.147917 0.112222
268 0.473958 0.125000 0.204861 0.154444
241 0.149306 0.311111 0.222222 0.195556
34 0.297222 0.333333 0.097222 0.048889
92 0.301389 0.415556 0.262500 0.228889
131 0.458681 0.474444 0.236806 0.224444
75 0.296528 0.195556 0.486111 0.266667
308 0.409028 0.524444 0.190278 0.215556
173 0.455556 0.161111 0.097222 0.048889
265 0.317708 0.168889 0.267361 0.244444
305 0.553819 0.392222 0.247917 0.204444
282 0.486458 0.395556 0.549306 0.128889
185 0.351736 0.146111 0.199306 0.161111
278 0.329167 0.384444 0.330556 0.133333