81 0.219792 0.357778 0.218750 0.257778
200 0.291667 0.071111 0.097222 0.048889
101 0.457986 0.501111 0.192361 0.148889
305 0.119444 0.317778 0.159722 0.146667
121 0.614583 0.323333 0.219444 0.197778
202 0.234722 0.359444 0.277778 0.225556
14 0.309028 0.338333 0.451389 0.212222
174 0.318056 0.430000 0.097222 0.048889
28 0.394444 0.277778 0.243056 0.077778
119 0.306597 0.435000 0.256250 0.221111
155 0.429167 0.430000 0.347222 0.388889
264 0.468403 0.552222 0.270139 0.222222
96 0.409722 0.410000 0.241667 0.226667
22 0.472917 0.468889 0.033333 0.053333
213 0.248611 0.220000 0.256944 0.211111
212 0.205903 0.298333 0.272917 0.185556