12 0.360764 0.378889 0.553472 0.115556
11 0.630903 0.306667 0.335417 0.126667
310 0.515278 0.360556 0.270833 0.134444
183 0.312153 0.355000 0.246528 0.207778
204 0.315278 0.354444 0.138889 0.153333
220 0.518403 0.549444 0.160417 0.267778
251 0.478125 0.541111 0.246528 0.200000
22 0.038194 0.204444 0.033333 0.053333
149 0.425000 0.366667 0.252778 0.404444
73 0.533333 0.287778 0.233333 0.186667
219 0.195139 0.104444 0.097222 0.048889
274 0.169444 0.322222 0.156944 0.133333
165 0.509028 0.178333 0.252778 0.176667
6 0.685069 0.457778 0.381250 0.111111
179 0.301042 0.496667 0.153472 0.273333
246 0.391667 0.372778 0.209722 0.196667