73 0.561806 0.310556 0.165278 0.201111
84 0.337153 0.101111 0.160417 0.115556
255 0.335764 0.113333 0.154861 0.111111
236 0.279167 0.435556 0.202778 0.260000
152 0.563194 0.238333 0.225000 0.154444
178 0.566319 0.135556 0.185417 0.173333
10 0.319444 0.283333 0.493056 0.155556
7 0.525000 0.442222 0.173611 0.555556
177 0.157292 0.393889 0.193750 0.270000
260 0.342014 0.463889 0.261806 0.252222
295 0.598264 0.321111 0.375694 0.162222
201 0.528472 0.451111 0.097222 0.048889
153 0.623611 0.494444 0.347222 0.388889
192 0.127778 0.457778 0.197222 0.248889
43 0.349306 0.370000 0.243056 0.077778