254 0.562847 0.510556 0.254861 0.176667
184 0.518403 0.425000 0.154861 0.227778
1 0.933333 0.151111 1.000000 0.066667
31 0.260417 0.140000 0.094444 0.053333
298 0.552083 0.230556 0.391667 0.198889
134 0.549306 0.171667 0.254167 0.127778
26 0.331250 0.332222 0.097222 0.048889
63 0.299306 0.470000 0.222222 0.422222
108 0.166319 0.385556 0.236806 0.246667
140 0.543056 0.215000 0.241667 0.223333
241 0.274653 0.312222 0.171528 0.202222
11 0.380903 0.292222 0.340972 0.144444
297 0.784722 0.465000 0.550000 0.081111
197 0.306944 0.276667 0.254167 0.128889
17 0.408681 0.392778 0.329861 0.096667
267 0.548611 0.432778 0.226389 0.134444
34 0.542361 0.224444 0.097222 0.048889
90 0.590972 0.431111 0.444444 0.444444
51 0.521875 0.363889 0.192361 0.076667
301 0.289931 0.406111 0.177083 0.256667
91 0.272569 0.249444 0.202083 0.143333
71 0.272222 0.278333 0.194444 0.150000
156 0.227083 0.466667 0.347222 0.388889
255 0.200694 0.406667 0.213889 0.133333
125 0.379861 0.258889 0.154167 0.224444