46 0.373958 0.299444 0.211806 0.110000
200 0.134722 0.188889 0.097222 0.048889
150 0.276042 0.380000 0.275694 0.182222
149 0.639583 0.376667 0.252778 0.404444
117 0.418403 0.209444 0.247917 0.232222
37 0.137500 0.228889 0.243056 0.077778
230 0.542361 0.468889 0.222222 0.422222
203 0.399653 0.435556 0.210417 0.262222
175 0.463889 0.287778 0.097222 0.048889
248 0.304514 0.234444 0.272917 0.153333
202 0.603125 0.395556 0.264583 0.171111
6 0.770139 0.157222 0.529167 0.130000
261 0.324306 0.507778 0.225000 0.175556
45 0.418750 0.251667 0.256944 0.098889
62 0.622222 0.254444 0.243056 0.077778
315 0.421528 0.278889 0.240278 0.124444
142 0.419792 0.402778 0.215972 0.243333
14 0.395833 0.116667 0.327778 0.126667
254 0.375000 0.167778 0.213889 0.182222
199 0.534028 0.342778 0.220833 0.130000
182 0.284722 0.441667 0.240278 0.232222
112 0.508333 0.441111 0.138889 0.148889
212 0.326389 0.411667 0.273611 0.258889
190 0.112847 0.303333 0.168750 0.237778