36 0.173611 0.465556 0.243056 0.077778
126 0.513194 0.297222 0.259722 0.185556
32 0.244792 0.327222 0.093750 0.041111
30 0.193750 0.065000 0.069444 0.041111
315 0.225347 0.393333 0.215972 0.277778
309 0.140972 0.109444 0.243056 0.156667
138 0.616667 0.224444 0.219444 0.140000
20 0.354861 0.173333 0.097222 0.048889
158 0.346528 0.334444 0.347222 0.388889
118 0.251042 0.312222 0.150694 0.264444
212 0.201736 0.360000 0.239583 0.124444
278 0.385764 0.488889 0.515972 0.140000
38 0.554861 0.114444 0.243056 0.077778
198 0.374653 0.241667 0.236806 0.236667
252 0.314931 0.233889 0.221528 0.238889