238 0.593750 0.559444 0.216667 0.256667
29 0.548958 0.418889 0.082639 0.046667
315 0.221528 0.477778 0.141667 0.175556
264 0.133681 0.303333 0.150694 0.233333
130 0.361806 0.138889 0.194444 0.197778
47 0.584375 0.236111 0.193750 0.087778
311 0.530903 0.460000 0.200694 0.240000
109 0.309722 0.286667 0.230556 0.222222
183 0.173611 0.421111 0.211111 0.195556
275 0.618403 0.402778 0.340972 0.212222
26 0.271528 0.196667 0.097222 0.048889
123 0.419097 0.513889 0.195139 0.223333
197 0.449653 0.165000 0.182639 0.121111
247 0.449653 0.476111 0.245139 0.252222
95 0.266319 0.248333 0.188194 0.112222
205 0.591667 0.240000 0.229167 0.222222
223 0.213194 0.363333 0.244444 0.131111
52 0.468750 0.255556 0.211111 0.088889
286 0.416319 0.436667 0.296528 0.137778
119 0.269097 0.461111 0.182639 0.124444