99 0.384722 0.404444 0.261111 0.153333
62 0.409028 0.427778 0.243056 0.077778
189 0.140972 0.212222 0.176389 0.111111
161 0.232986 0.398889 0.150694 0.124444
200 0.398611 0.195556 0.097222 0.048889
111 0.593403 0.120556 0.172917 0.178889
107 0.322917 0.445000 0.254167 0.207778
41 0.378472 0.240000 0.243056 0.077778
179 0.570486 0.181111 0.147917 0.151111
306 0.181944 0.245000 0.155556 0.196667
244 0.170833 0.412778 0.179167 0.198889
39 0.586806 0.458889 0.243056 0.077778
147 0.515972 0.395556 0.334722 0.535556
283 0.632986 0.211667 0.320139 0.096667
238 0.127083 0.133333 0.204167 0.115556
246 0.221528 0.208333 0.170833 0.198889
213 0.552083 0.445000 0.181944 0.116667
38 0.245833 0.213333 0.243056 0.077778
175 0.502083 0.367778 0.097222 0.048889
127 0.201042 0.501111 0.213194 0.240000
292 0.542361 0.451667 0.390278 0.112222
268 0.439931 0.223889 0.182639 0.178889
120 0.230208 0.133333 0.231250 0.137778
167 0.540625 0.368889 0.163194 0.182222
107 0.255903 0.307778 0.240972 0.257778