36 0.261111 0.276667 0.243056 0.077778
32 0.234028 0.431667 0.080556 0.052222
257 0.147222 0.447222 0.150000 0.238889
84 0.596181 0.470000 0.275694 0.153333
69 0.481944 0.287778 0.222222 0.422222
164 0.322222 0.242778 0.261111 0.210000
275 0.503472 0.134444 0.355556 0.120000
112 0.142708 0.303333 0.217361 0.271111
302 0.448958 0.431667 0.179861 0.127778
23 0.215972 0.324444 0.033333 0.053333
248 0.640625 0.203333 0.272917 0.237778
308 0.246875 0.493333 0.254861 0.146667
236 0.349306 0.217222 0.269444 0.227778
202 0.596875 0.147778 0.211806 0.171111
58 0.631944 0.326667 0.254167 0.068889