187 0.296528 0.492778 0.169444 0.165556
45 0.606597 0.317778 0.190972 0.095556
141 0.251042 0.354444 0.268750 0.213333
26 0.439583 0.103333 0.097222 0.048889
83 0.450347 0.367222 0.154861 0.247778
73 0.534722 0.424444 0.166667 0.208889
152 0.489583 0.411667 0.266667 0.130000
204 0.568403 0.187778 0.222917 0.253333
53 0.482639 0.148889 0.209722 0.108889
158 0.304861 0.538889 0.347222 0.388889
91 0.383333 0.325000 0.155556 0.123333
22 0.206944 0.343333 0.033333 0.053333
270 0.272569 0.353889 0.197917 0.170000
219 0.500694 0.171111 0.097222 0.048889
255 0.372917 0.405556 0.205556 0.193333
136 0.468056 0.255000 0.268056 0.152222
149 0.179861 0.363333 0.252778 0.404444
25 0.557639 0.366667 0.097222 0.048889
182 0.143056 0.203889 0.161111 0.236667
240 0.504861 0.178333 0.143056 0.158889
67 0.342361 0.358889 0.222222 0.422222
303 0.222569 0.326111 0.213194 0.121111
109 0.123264 0.453333 0.211806 0.266667
131 0.238889 0.391667 0.143056 0.145556