130 0.426042 0.543333 0.272917 0.226667
268 0.531597 0.145556 0.190972 0.224444
263 0.331597 0.322222 0.243750 0.137778
28 0.495833 0.223333 0.243056 0.077778
179 0.214583 0.393889 0.240278 0.185556
6 0.596181 0.379444 0.449306 0.203333
7 0.533333 0.711111 0.173611 0.555556
304 0.617708 0.355000 0.253472 0.190000
60 0.409375 0.283889 0.270139 0.110000
218 0.584722 0.529444 0.155556 0.212222
231 0.504861 0.160000 0.263889 0.142222
169 0.202778 0.362778 0.266667 0.172222
219 0.366667 0.437778 0.097222 0.048889
133 0.236806 0.435000 0.161111 0.205556
200 0.515278 0.340000 0.097222 0.048889
198 0.426389 0.535556 0.229167 0.182222
41 0.550000 0.301111 0.243056 0.077778
114 0.343056 0.464444 0.270833 0.131111
212 0.302431 0.527222 0.235417 0.274444
82 0.216667 0.355556 0.209722 0.175556
272 0.306597 0.311111 0.256250 0.255556