203 0.539931 0.321667 0.264583 0.161111
150 0.526042 0.395556 0.145139 0.213333
148 0.302083 0.414444 0.258333 0.148889
16 0.694097 0.487778 0.535417 0.100000
301 0.388889 0.150000 0.266667 0.220000
189 0.162500 0.442778 0.150000 0.163333
93 0.256250 0.372778 0.263889 0.181111
256 0.288542 0.237778 0.247917 0.211111
192 0.599306 0.445556 0.205556 0.186667
304 0.279861 0.168889 0.176389 0.153333
200 0.404861 0.151111 0.097222 0.048889
259 0.451736 0.188889 0.190972 0.237778
85 0.243056 0.522222 0.208333 0.157778
164 0.198264 0.400556 0.261806 0.241111