282 0.195486 0.123333 0.360417 0.164444
83 0.621528 0.306111 0.273611 0.136667
91 0.207986 0.194444 0.164583 0.117778
79 0.560069 0.376111 0.193750 0.192222
18 0.690972 0.313889 0.413889 0.214444
87 0.095833 0.424444 0.151389 0.184444
251 0.344097 0.291667 0.211806 0.230000
70 0.425000 0.418889 0.172222 0.137778
41 0.536111 0.243333 0.243056 0.077778
302 0.361111 0.398333 0.261111 0.194444
46 0.494792 0.158889 0.200694 0.104444
103 0.253125 0.147222 0.246528 0.232222
159 0.222222 0.407222 0.165278 0.190000
208 0.349653 0.210000 0.228472 0.275556
193 0.206250 0.494444 0.176389 0.240000
305 0.183681 0.093333 0.156250 0.133333
270 0.604167 0.471111 0.223611 0.111111
266 0.287500 0.525000 0.230556 0.243333
38 0.266667 0.405556 0.243056 0.077778
1 0.764583 0.173333 1.000000 0.066667
314 0.153819 0.219444 0.190972 0.214444
92 0.347917 0.472222 0.179167 0.262222
42 0.166667 0.086667 0.243056 0.077778
140 0.462847 0.252222 0.171528 0.120000