153 0.580556 0.345556 0.347222 0.388889
14 0.436806 0.328333 0.322222 0.114444
45 0.388889 0.097222 0.237500 0.078889
72 0.121528 0.458333 0.168056 0.265556
187 0.312500 0.458333 0.218056 0.221111
223 0.508333 0.421111 0.245833 0.222222
180 0.330903 0.512778 0.264583 0.154444
237 0.205556 0.459444 0.175000 0.270000
188 0.362500 0.174444 0.270833 0.215556
268 0.301389 0.373333 0.226389 0.275556
75 0.300000 0.377778 0.486111 0.266667
230 0.434028 0.478889 0.222222 0.422222
178 0.248958 0.448889 0.171528 0.217778
194 0.214583 0.469444 0.187500 0.212222
135 0.475000 0.446667 0.168056 0.164444
294 0.587500 0.554444 0.459722 0.222222
83 0.350347 0.456667 0.175694 0.226667
149 0.571528 0.367778 0.252778 0.404444
124 0.367708 0.273333 0.160417 0.155556
161 0.237847 0.413333 0.250694 0.113333