46 0.285069 0.193889 0.252083 0.074444
133 0.270833 0.457222 0.227778 0.247778
207 0.588889 0.480000 0.222222 0.422222
129 0.171875 0.400000 0.202083 0.155556
217 0.146875 0.410000 0.140972 0.160000
310 0.631944 0.137222 0.261111 0.196667
72 0.403125 0.263333 0.168750 0.204444
157 0.468056 0.521111 0.347222 0.388889
262 0.125000 0.524444 0.209722 0.244444
200 0.502083 0.073333 0.097222 0.048889
144 0.552083 0.514444 0.237500 0.144444
31 0.314236 0.465556 0.077083 0.053333
245 0.457986 0.547222 0.167361 0.218889
103 0.512500 0.336667 0.222222 0.277778
114 0.557639 0.227778 0.213889 0.271111
137 0.506250 0.443333 0.254167 0.275556
15 0.502083 0.052222 0.097222 0.048889
141 0.285069 0.423889 0.224306 0.170000