274 0.185764 0.125000 0.175694 0.170000
178 0.364931 0.268889 0.239583 0.122222
292 0.491667 0.389444 0.429167 0.070000
205 0.462847 0.520000 0.277083 0.231111
232 0.470139 0.282778 0.209722 0.174444
156 0.249306 0.342222 0.347222 0.388889
222 0.382292 0.557222 0.147917 0.243333
303 0.153472 0.357778 0.180556 0.195556
36 0.556944 0.221111 0.243056 0.077778
312 0.576736 0.278333 0.146528 0.172222
276 0.303819 0.253889 0.546528 0.203333
117 0.509375 0.470000 0.174306 0.111111
181 0.372569 0.150000 0.140972 0.217778
8 0.103472 0.345556 0.173611 0.555556