26 0.222222 0.338889 0.097222 0.048889
87 0.438194 0.245000 0.231944 0.127778
108 0.253819 0.257778 0.204861 0.157778
32 0.516319 0.126111 0.078472 0.045556
82 0.541667 0.137778 0.268056 0.217778
248 0.159375 0.425556 0.195139 0.113333
165 0.306250 0.312778 0.230556 0.112222
56 0.221181 0.135000 0.210417 0.105556
111 0.422222 0.305000 0.183333 0.272222
216 0.537153 0.285000 0.178472 0.256667
295 0.575347 0.356111 0.490972 0.114444
74 0.627083 0.406667 0.486111 0.266667
220 0.420833 0.422778 0.251389 0.230000
200 0.377083 0.152222 0.097222 0.048889
271 0.205556 0.336111 0.248611 0.230000
234 0.545139 0.145000 0.188889 0.185556
61 0.274306 0.401667 0.252778 0.076667
230 0.197222 0.616667 0.222222 0.422222
48 0.278125 0.209444 0.204861 0.110000
297 0.289583 0.450000 0.511111 0.111111
163 0.444444 0.249444 0.213889 0.114444
92 0.144444 0.320000 0.209722 0.128889
93 0.356250 0.439444 0.236111 0.250000
154 0.463194 0.286667 0.347222 0.388889
160 0.200694 0.341111 0.177778 0.266667