258 0.364236 0.151667 0.245139 0.256667
12 0.644097 0.216667 0.540972 0.206667
305 0.304514 0.129444 0.182639 0.158889
219 0.084028 0.397778 0.097222 0.048889
139 0.318750 0.207778 0.168056 0.268889
165 0.325347 0.415000 0.229861 0.225556
142 0.230903 0.111111 0.234028 0.148889
37 0.575000 0.235556 0.243056 0.077778
191 0.202431 0.289444 0.265972 0.201111
188 0.601389 0.316111 0.218056 0.185556
16 0.704514 0.461111 0.504861 0.191111
283 0.309028 0.493333 0.525000 0.100000
160 0.584028 0.224444 0.262500 0.197778
57 0.502431 0.481667 0.221528 0.081111
82 0.443750 0.230000 0.272222 0.228889
44 0.529861 0.290000 0.243056 0.077778
301 0.477778 0.238333 0.175000 0.178889
196 0.578472 0.473889 0.237500 0.236667
199 0.239931 0.200000 0.153472 0.126667
278 0.266667 0.222222 0.459722 0.131111
102 0.603472 0.598889 0.444444 0.444444
34 0.495139 0.065556 0.097222 0.048889
209 0.361111 0.163889 0.195833 0.221111
287 0.311806 0.447222 0.488889 0.165556
130 0.222569 0.250000 0.181250 0.162222