36 0.492361 0.348889 0.243056 0.077778
98 0.535069 0.275000 0.156250 0.203333
251 0.407986 0.416111 0.145139 0.118889
41 0.285417 0.331111 0.243056 0.077778
142 0.300347 0.150000 0.217361 0.166667
248 0.193750 0.250556 0.190278 0.263333
293 0.455903 0.417778 0.411806 0.180000
199 0.549306 0.307222 0.141667 0.218889
196 0.602083 0.546667 0.191667 0.266667
245 0.184722 0.316111 0.220833 0.178889
301 0.361458 0.257222 0.207639 0.196667
168 0.430208 0.503889 0.242361 0.181111
187 0.197917 0.527778 0.173611 0.195556
89 0.176042 0.385000 0.268750 0.250000