247 0.248611 0.388333 0.270833 0.234444
246 0.561111 0.195556 0.230556 0.133333
297 0.631597 0.290556 0.429861 0.216667
243 0.385764 0.382222 0.140972 0.128889
2 0.680556 0.450000 1.000000 0.066667
180 0.390625 0.212778 0.250694 0.218889
303 0.523264 0.321111 0.167361 0.206667
59 0.532986 0.095556 0.234028 0.086667
134 0.251389 0.305556 0.259722 0.253333
165 0.186111 0.275556 0.227778 0.137778
128 0.315278 0.193333 0.231944 0.202222
189 0.507639 0.225556 0.226389 0.244444
281 0.402431 0.430556 0.518750 0.107778
107 0.627083 0.196667 0.275000 0.157778
264 0.132639 0.450000 0.201389 0.233333
215 0.385417 0.470000 0.220833 0.213333
313 0.436806 0.258889 0.168056 0.124444
39 0.351389 0.247778 0.243056 0.077778