80 0.223611 0.200000 0.175000 0.240000
263 0.384028 0.161667 0.147222 0.227778
143 0.223264 0.531111 0.213194 0.215556
50 0.476736 0.218333 0.261806 0.078889
2 0.623611 0.450000 1.000000 0.066667
148 0.522569 0.255556 0.252083 0.268889
309 0.501042 0.245000 0.190972 0.270000
165 0.338889 0.486111 0.186111 0.181111
52 0.638542 0.300000 0.259028 0.093333
261 0.509028 0.336111 0.147222 0.158889
314 0.488542 0.358889 0.224306 0.173333
196 0.577778 0.392778 0.154167 0.198889
6 0.520486 0.214444 0.386806 0.097778
299 0.569097 0.447778 0.265972 0.240000
27 0.475694 0.237778 0.097222 0.048889
240 0.330556 0.520000 0.229167 0.271111
63 0.151389 0.382222 0.222222 0.422222
57 0.173611 0.117222 0.175000 0.092222
74 0.675000 0.424444 0.486111 0.266667
68 0.312500 0.613333 0.222222 0.422222
166 0.603125 0.316667 0.179861 0.237778
22 0.458333 0.427778 0.033333 0.053333
71 0.121875 0.212778 0.182639 0.121111
212 0.520486 0.247222 0.203472 0.212222
157 0.224306 0.248889 0.347222 0.388889