275 0.455208 0.306667 0.409028 0.186667
207 0.305556 0.435556 0.222222 0.422222
208 0.474306 0.315556 0.263889 0.226667
141 0.220833 0.534444 0.255556 0.226667
274 0.564583 0.543333 0.261111 0.273333
56 0.435764 0.466111 0.259028 0.101111
214 0.589583 0.395556 0.218056 0.224444
47 0.417014 0.307778 0.259028 0.077778
87 0.242708 0.368333 0.256250 0.198889
254 0.584028 0.467222 0.261111 0.216667
229 0.484722 0.348333 0.200000 0.152222
135 0.314931 0.308333 0.253472 0.194444
315 0.237847 0.548889 0.249306 0.262222
307 0.271875 0.273333 0.249306 0.180000
181 0.328125 0.316667 0.210417 0.206667
251 0.329861 0.107778 0.188889 0.155556
153 0.652778 0.628889 0.347222 0.388889
72 0.485069 0.373333 0.157639 0.191111
250 0.201736 0.400000 0.254861 0.140000
258 0.160417 0.360000 0.198611 0.240000
16 0.483681 0.283333 0.539583 0.097778
99 0.443056 0.190556 0.211111 0.181111
265 0.171875 0.478889 0.246528 0.246667