2 0.916667 0.373333 1.000000 0.066667
219 0.077083 0.464444 0.097222 0.048889
150 0.619792 0.313333 0.268750 0.273333
64 0.511111 0.340000 0.222222 0.422222
206 0.545139 0.218889 0.243056 0.077778
248 0.310069 0.365000 0.177083 0.216667
154 0.595833 0.556667 0.347222 0.388889
225 0.118750 0.102222 0.097222 0.048889
47 0.184375 0.325556 0.202083 0.086667
13 0.604167 0.109444 0.361111 0.132222
99 0.346181 0.422778 0.139583 0.163333
193 0.502778 0.459444 0.259722 0.270000
305 0.390278 0.251667 0.273611 0.178889
85 0.149306 0.383889 0.143056 0.185556
212 0.224306 0.228889 0.170833 0.268889
274 0.099653 0.263889 0.165972 0.185556
227 0.390278 0.230556 0.168056 0.154444
57 0.433333 0.131111 0.238889 0.106667
71 0.237847 0.390000 0.256250 0.233333