283 0.694444 0.069444 0.386111 0.092222
23 0.125000 0.206667 0.033333 0.053333
63 0.516667 0.265556 0.222222 0.422222
108 0.322569 0.210000 0.204861 0.126667
152 0.386806 0.107222 0.190278 0.127778
260 0.385417 0.201111 0.166667 0.188889
164 0.225347 0.268889 0.193750 0.260000
25 0.361806 0.308889 0.097222 0.048889
219 0.120833 0.291111 0.097222 0.048889
66 0.185417 0.614444 0.222222 0.422222
4 0.213889 0.485556 0.291667 0.133333
209 0.498264 0.227222 0.254861 0.161111
9 0.272917 0.548889 0.173611 0.555556
268 0.346181 0.201111 0.234028 0.240000
286 0.428125 0.390000 0.435417 0.195556
288 0.330208 0.438889 0.440972 0.171111
220 0.490278 0.353333 0.252778 0.160000
180 0.610764 0.096667 0.274306 0.133333
119 0.576389 0.170556 0.141667 0.154444