152 0.139583 0.408889 0.170833 0.173333
187 0.462153 0.166111 0.267361 0.221111
285 0.219097 0.222778 0.360417 0.134444
54 0.478472 0.219444 0.251389 0.085556
189 0.241319 0.422778 0.170139 0.216667
296 0.283681 0.213889 0.464583 0.127778
232 0.145486 0.182778 0.259028 0.254444
16 0.450347 0.403333 0.390972 0.106667
308 0.573264 0.242222 0.260417 0.271111
180 0.169444 0.175000 0.211111 0.170000
139 0.442014 0.196667 0.149306 0.260000
6 0.316319 0.167778 0.490972 0.093333
168 0.233681 0.325000 0.231250 0.254444
177 0.302778 0.292222 0.250000 0.144444
277 0.334375 0.202222 0.475694 0.213333
4 0.697917 0.457222 0.445833 0.114444
42 0.494444 0.453333 0.243056 0.077778
302 0.182639 0.457222 0.255556 0.205556
45 0.212153 0.366667 0.178472 0.097778