37 0.168056 0.362222 0.243056 0.077778
207 0.527083 0.454444 0.222222 0.422222
11 0.634722 0.182222 0.494444 0.084444
140 0.240972 0.471111 0.188889 0.226667
160 0.231944 0.500000 0.251389 0.128889
232 0.232986 0.257222 0.196528 0.261111
254 0.438194 0.223889 0.180556 0.174444
151 0.550000 0.383333 0.218056 0.188889
241 0.537500 0.535556 0.240278 0.255556
99 0.497917 0.402778 0.176389 0.172222
311 0.515625 0.532222 0.179861 0.277778
22 0.464583 0.314444 0.033333 0.053333
111 0.521181 0.250556 0.170139 0.216667
187 0.122222 0.145000 0.198611 0.185556
208 0.598264 0.515000 0.254861 0.225556
133 0.181944 0.515000 0.219444 0.181111
40 0.545833 0.100000 0.243056 0.077778