37 0.250694 0.144444 0.243056 0.077778
275 0.510069 0.457778 0.417361 0.215556
188 0.375694 0.306111 0.193056 0.143333
195 0.525694 0.314444 0.252778 0.226667
222 0.571181 0.243889 0.168750 0.274444
259 0.445833 0.287778 0.237500 0.208889
64 0.300000 0.514444 0.222222 0.422222
199 0.500694 0.496111 0.184722 0.212222
77 0.283333 0.276667 0.486111 0.266667
103 0.377778 0.304444 0.248611 0.142222
233 0.625694 0.204444 0.229167 0.264444
311 0.586458 0.228333 0.196528 0.243333
16 0.678125 0.267222 0.510417 0.070000
239 0.501042 0.416667 0.139583 0.224444
122 0.291667 0.476667 0.211111 0.246667
226 0.247222 0.311111 0.097222 0.048889
303 0.539236 0.185000 0.147917 0.147778
81 0.571875 0.120556 0.189583 0.154444
183 0.205208 0.397222 0.252083 0.263333