256 0.586458 0.376667 0.190972 0.186667
267 0.604861 0.545556 0.218056 0.260000
262 0.159028 0.115556 0.244444 0.164444
35 0.489583 0.228889 0.097222 0.048889
2 0.518750 0.307778 1.000000 0.066667
282 0.648611 0.198889 0.330556 0.175556
36 0.556944 0.403333 0.243056 0.077778
73 0.125347 0.457222 0.174306 0.112222
13 0.422222 0.245000 0.547222 0.070000
249 0.294792 0.413333 0.252083 0.131111
291 0.517361 0.356667 0.284722 0.193333
154 0.680556 0.618889 0.347222 0.388889
96 0.368403 0.350000 0.236806 0.162222
265 0.632292 0.433333 0.252083 0.220000
31 0.249306 0.173889 0.116667 0.043333
263 0.180556 0.121111 0.184722 0.177778
248 0.525347 0.176111 0.252083 0.234444
107 0.274306 0.522778 0.247222 0.167778