248 0.229514 0.496667 0.202083 0.253333
205 0.242014 0.169444 0.152083 0.261111
114 0.252778 0.492778 0.195833 0.261111
104 0.595833 0.253333 0.165278 0.275556
67 0.438194 0.345556 0.222222 0.422222
209 0.454514 0.231111 0.210417 0.113333
116 0.254167 0.197222 0.230556 0.163333
13 0.663542 0.311667 0.436806 0.098889
256 0.445833 0.412222 0.247222 0.113333
243 0.571875 0.508333 0.217361 0.254444
87 0.132986 0.207778 0.218750 0.131111
101 0.156944 0.347222 0.243056 0.190000
279 0.758333 0.197778 0.526389 0.073333
10 0.587847 0.325556 0.443750 0.220000
31 0.137153 0.427778 0.102083 0.053333
120 0.415625 0.244444 0.139583 0.142222
0 0.591667 0.088889 1.000000 0.066667