38 0.593056 0.431111 0.243056 0.077778
277 0.296528 0.360556 0.440278 0.207778
53 0.344792 0.410556 0.193750 0.083333
54 0.484722 0.125556 0.181944 0.075556
22 0.033333 0.138889 0.033333 0.053333
289 0.646875 0.427222 0.478472 0.112222
80 0.210417 0.412778 0.268056 0.207778
210 0.575347 0.205000 0.188194 0.183333
309 0.274653 0.115000 0.250694 0.116667
55 0.576042 0.212778 0.200694 0.103333
10 0.578472 0.191111 0.329167 0.084444
135 0.461806 0.464444 0.205556 0.162222
32 0.212153 0.129444 0.093750 0.047778
269 0.113889 0.506667 0.145833 0.191111
134 0.276736 0.195000 0.192361 0.165556
218 0.425347 0.408333 0.257639 0.125556
13 0.629167 0.441667 0.369444 0.138889