158 0.243056 0.442222 0.347222 0.388889
299 0.194097 0.313889 0.232639 0.181111
59 0.435069 0.277778 0.182639 0.073333
254 0.243750 0.254444 0.205556 0.117778
223 0.217014 0.446111 0.220139 0.207778
172 0.528125 0.462778 0.222917 0.238889
1 0.786111 0.213333 1.000000 0.066667
285 0.468750 0.306111 0.370833 0.216667
221 0.472917 0.449444 0.184722 0.125556
261 0.458681 0.394444 0.153472 0.144444
246 0.341667 0.425000 0.173611 0.227778
14 0.545139 0.306111 0.331944 0.158889
51 0.623958 0.212778 0.242361 0.105556
186 0.556597 0.226667 0.168750 0.195556
291 0.453819 0.216667 0.525694 0.137778
44 0.597222 0.177778 0.243056 0.077778
33 0.129167 0.187778 0.097222 0.048889
52 0.154514 0.395556 0.186806 0.075556
45 0.342014 0.273889 0.259028 0.072222
87 0.228819 0.390000 0.239583 0.117778
109 0.465972 0.235556 0.141667 0.133333