77 0.711806 0.430000 0.486111 0.266667
291 0.523264 0.305556 0.329861 0.166667
281 0.604861 0.285000 0.548611 0.190000
132 0.169792 0.421667 0.232639 0.114444
267 0.494444 0.282778 0.229167 0.245556
58 0.303125 0.471111 0.218750 0.111111
18 0.449306 0.151111 0.494444 0.144444
158 0.188889 0.290000 0.347222 0.388889
31 0.473611 0.410000 0.081944 0.051111
190 0.577431 0.137222 0.185417 0.216667
100 0.137153 0.334444 0.145139 0.115556
274 0.249653 0.541111 0.200694 0.266667
84 0.112847 0.285556 0.142361 0.148889
151 0.122222 0.446667 0.144444 0.175556
232 0.141319 0.541111 0.253472 0.211111
279 0.391319 0.422778 0.535417 0.167778
28 0.151389 0.363333 0.243056 0.077778
16 0.648611 0.343889 0.476389 0.212222
178 0.206597 0.107222 0.275694 0.132222
72 0.227431 0.225556 0.171528 0.262222
209 0.300000 0.376667 0.255556 0.266667
114 0.445486 0.340556 0.270139 0.196667