15 0.238889 0.394444 0.097222 0.048889
85 0.561806 0.364444 0.172222 0.220000
295 0.609375 0.488333 0.336806 0.221111
149 0.395139 0.554444 0.252778 0.404444
130 0.115625 0.501667 0.192361 0.134444
175 0.481250 0.416667 0.097222 0.048889
253 0.223958 0.441667 0.149306 0.172222
126 0.230556 0.239444 0.165278 0.263333
97 0.362847 0.380000 0.254861 0.180000
185 0.498958 0.543889 0.206250 0.258889
31 0.128125 0.183889 0.090972 0.050000
28 0.162500 0.408889 0.243056 0.077778
299 0.520486 0.295556 0.275694 0.202222
198 0.619444 0.281111 0.231944 0.202222
60 0.606944 0.147778 0.247222 0.100000
68 0.460417 0.598889 0.222222 0.422222
7 0.141667 0.614444 0.173611 0.555556
80 0.287847 0.400556 0.252083 0.210000
151 0.445833 0.403333 0.263889 0.142222
273 0.259028 0.318333 0.150000 0.145556
152 0.306597 0.332778 0.175694 0.125556
57 0.558333 0.442222 0.226389 0.073333