295 0.315972 0.125000 0.401389 0.081111
170 0.115625 0.447778 0.170139 0.144444
24 0.260417 0.100000 0.097222 0.048889
163 0.370139 0.509444 0.190278 0.258889
223 0.453819 0.438333 0.261806 0.141111
12 0.634722 0.471667 0.550000 0.138889
10 0.705903 0.276667 0.545139 0.220000
302 0.299653 0.388889 0.215972 0.202222
255 0.451042 0.523333 0.250694 0.168889
91 0.184375 0.350556 0.243750 0.178889
177 0.489931 0.245000 0.213194 0.227778
56 0.250000 0.355000 0.240278 0.103333
98 0.208333 0.452778 0.256944 0.223333
189 0.238889 0.520556 0.175000 0.230000
209 0.549306 0.124444 0.218056 0.131111
286 0.583333 0.410000 0.329167 0.142222
80 0.355903 0.514444 0.242361 0.182222
37 0.477083 0.113333 0.243056 0.077778
20 0.149306 0.377778 0.097222 0.048889
307 0.221181 0.143333 0.197917 0.197778