205 0.401042 0.448889 0.206250 0.251111
114 0.333681 0.241111 0.217361 0.242222
279 0.314583 0.205556 0.477778 0.204444
122 0.445139 0.183333 0.151389 0.228889
22 0.078472 0.118889 0.033333 0.053333
72 0.390278 0.498333 0.209722 0.185556
287 0.370833 0.225000 0.379167 0.196667
204 0.236806 0.175556 0.197222 0.142222
150 0.318056 0.331667 0.225000 0.198889
151 0.405903 0.356667 0.147917 0.206667
198 0.529514 0.556667 0.239583 0.266667
57 0.602778 0.165000 0.225000 0.081111
142 0.479861 0.257778 0.245833 0.240000
132 0.472917 0.153333 0.209722 0.193333
314 0.213542 0.207778 0.161806 0.180000
8 0.372917 0.501111 0.173611 0.555556
40 0.483333 0.366667 0.243056 0.077778
286 0.653125 0.235000 0.531250 0.158889
32 0.317014 0.075000 0.115972 0.043333
282 0.509722 0.142778 0.329167 0.121111
272 0.246528 0.461111 0.259722 0.217778
129 0.322917 0.222778 0.181944 0.238889