242 0.471528 0.335000 0.222222 0.274444
202 0.404861 0.287222 0.191667 0.263333
219 0.084722 0.108889 0.097222 0.048889
246 0.139236 0.406667 0.142361 0.193333
16 0.361806 0.376667 0.452778 0.117778
35 0.177778 0.337778 0.097222 0.048889
271 0.605903 0.422778 0.245139 0.223333
226 0.539583 0.220000 0.097222 0.048889
212 0.489931 0.374444 0.236806 0.206667
96 0.150347 0.485556 0.210417 0.255556
247 0.603125 0.403333 0.260417 0.144444
114 0.338194 0.267778 0.150000 0.244444
196 0.198958 0.243333 0.220139 0.248889