291 0.631944 0.511111 0.477778 0.204444
161 0.270486 0.177778 0.199306 0.266667
39 0.568750 0.140000 0.243056 0.077778
257 0.213889 0.302778 0.145833 0.192222
217 0.292014 0.157222 0.246528 0.194444
155 0.656250 0.570000 0.347222 0.388889
309 0.301042 0.518333 0.170139 0.241111
43 0.295139 0.434444 0.243056 0.077778
191 0.447917 0.370556 0.275000 0.190000
185 0.497222 0.411111 0.168056 0.215556
179 0.157639 0.138889 0.172222 0.224444
15 0.475694 0.270000 0.097222 0.048889
253 0.362153 0.235556 0.214583 0.164444
17 0.391319 0.482222 0.429861 0.184444
194 0.169097 0.346111 0.192361 0.145556
16 0.227083 0.347222 0.354167 0.172222
46 0.443750 0.192778 0.195833 0.070000
296 0.676736 0.348333 0.528472 0.181111
79 0.288194 0.416667 0.148611 0.248889
135 0.370833 0.315556 0.262500 0.193333
34 0.384722 0.227778 0.097222 0.048889
130 0.234722 0.136111 0.188889 0.178889
175 0.094444 0.096667 0.097222 0.048889
119 0.267014 0.412222 0.229861 0.220000