65 0.502083 0.517778 0.222222 0.422222
83 0.355556 0.310556 0.245833 0.272222
73 0.112500 0.381667 0.197222 0.176667
137 0.495833 0.373889 0.138889 0.274444
269 0.393750 0.255000 0.241667 0.245556
104 0.478125 0.161111 0.247917 0.131111
118 0.571528 0.383889 0.141667 0.161111
310 0.315625 0.158889 0.139583 0.228889
223 0.604167 0.193333 0.219444 0.244444
94 0.588889 0.214444 0.234722 0.157778
133 0.480556 0.566667 0.144444 0.244444
47 0.263194 0.223333 0.213889 0.095556
113 0.312153 0.183333 0.265972 0.242222
235 0.642014 0.134444 0.263194 0.144444
188 0.491319 0.202778 0.215972 0.118889
181 0.537847 0.249444 0.193750 0.232222
231 0.542361 0.141111 0.166667 0.202222
167 0.497569 0.191667 0.206250 0.147778
291 0.570833 0.228889 0.411111 0.131111
209 0.235417 0.555556 0.275000 0.240000