190 0.159375 0.560000 0.163194 0.271111
93 0.379167 0.503333 0.258333 0.257778
187 0.259028 0.157778 0.158333 0.248889
157 0.629861 0.586667 0.347222 0.388889
226 0.170833 0.447778 0.097222 0.048889
227 0.424653 0.458333 0.267361 0.245556
289 0.595833 0.248333 0.531944 0.147778
58 0.258333 0.177222 0.208333 0.085556
97 0.255556 0.288333 0.191667 0.216667
225 0.115972 0.157778 0.097222 0.048889
300 0.596528 0.260000 0.486111 0.266667
287 0.330208 0.307778 0.309028 0.124444
230 0.497917 0.383333 0.222222 0.422222
139 0.550347 0.263333 0.152083 0.224444
111 0.451389 0.485000 0.227778 0.143333
30 0.142014 0.421111 0.107639 0.051111
27 0.380556 0.436667 0.097222 0.048889
198 0.407639 0.272222 0.151389 0.242222
71 0.277083 0.430556 0.141667 0.243333
275 0.222917 0.325000 0.298611 0.134444
181 0.452778 0.526667 0.231944 0.173333
142 0.443403 0.323889 0.206250 0.163333
175 0.530556 0.390000 0.097222 0.048889
146 0.476389 0.305000 0.181944 0.118889