142 0.227778 0.311111 0.266667 0.137778
8 0.391667 0.454444 0.173611 0.555556
308 0.232986 0.223889 0.163194 0.181111
79 0.365972 0.416667 0.204167 0.251111
249 0.387153 0.218333 0.154861 0.152222
127 0.281250 0.367778 0.186111 0.211111
106 0.592708 0.540556 0.249306 0.194444
200 0.202083 0.436667 0.097222 0.048889
278 0.492014 0.429444 0.464583 0.114444
314 0.622222 0.268333 0.233333 0.147778
12 0.632639 0.121667 0.433333 0.185556
77 0.558333 0.194444 0.486111 0.266667
18 0.267361 0.247222 0.470833 0.074444