313 0.288194 0.511667 0.205556 0.205556
219 0.314583 0.125556 0.097222 0.048889
283 0.501736 0.262222 0.295139 0.188889
159 0.398958 0.437222 0.277083 0.114444
246 0.465278 0.568333 0.188889 0.267778
305 0.276042 0.311667 0.252083 0.270000
72 0.455556 0.546111 0.204167 0.238889
77 0.628472 0.212222 0.486111 0.266667
226 0.377778 0.152222 0.097222 0.048889
31 0.145833 0.218333 0.072222 0.043333
242 0.475347 0.208333 0.153472 0.138889
122 0.321528 0.290556 0.165278 0.121111
18 0.661806 0.393333 0.488889 0.191111
160 0.230556 0.375556 0.200000 0.277778
193 0.336458 0.472222 0.168750 0.153333
84 0.138542 0.346111 0.203472 0.245556