316 0.571181 0.393333 0.261806 0.171111
193 0.196528 0.412778 0.227778 0.147778
203 0.245139 0.128889 0.156944 0.117778
118 0.468750 0.260000 0.206944 0.202222
194 0.478819 0.272778 0.185417 0.138889
215 0.489236 0.159444 0.204861 0.181111
291 0.421181 0.300000 0.313194 0.146667
44 0.475000 0.483333 0.243056 0.077778
285 0.625000 0.215000 0.291667 0.092222
91 0.170139 0.225000 0.170833 0.163333
108 0.124653 0.254444 0.146528 0.213333
272 0.433333 0.431667 0.184722 0.138889
201 0.345833 0.452222 0.097222 0.048889
219 0.437500 0.276667 0.097222 0.048889
253 0.247917 0.493889 0.140278 0.243333
180 0.166319 0.133333 0.167361 0.160000
239 0.392014 0.511667 0.265972 0.214444
107 0.372222 0.217222 0.265278 0.225556
4 0.268750 0.217222 0.497222 0.167778
28 0.450694 0.074444 0.243056 0.077778
181 0.404167 0.187222 0.229167 0.250000