110 0.295833 0.465000 0.152778 0.225556
38 0.477778 0.230000 0.243056 0.077778
239 0.267708 0.370000 0.277083 0.151111
149 0.156250 0.478889 0.252778 0.404444
86 0.619792 0.530556 0.253472 0.198889
267 0.275694 0.138333 0.188889 0.136667
305 0.289931 0.194444 0.192361 0.211111
167 0.215972 0.334444 0.263889 0.195556
27 0.534028 0.075556 0.097222 0.048889
21 0.324306 0.213333 0.097222 0.048889
49 0.530903 0.346667 0.193750 0.073333
111 0.384722 0.211111 0.175000 0.173333
156 0.234028 0.463333 0.347222 0.388889
273 0.269792 0.298333 0.240972 0.247778
136 0.452778 0.288333 0.156944 0.243333