219 0.310417 0.062222 0.097222 0.048889
269 0.495139 0.337222 0.187500 0.152222
7 0.440278 0.703333 0.173611 0.555556
302 0.421528 0.129444 0.213889 0.138889
100 0.527431 0.505000 0.277083 0.263333
152 0.601389 0.165000 0.190278 0.192222
246 0.270486 0.324444 0.231250 0.275556
286 0.518403 0.461111 0.472917 0.071111
120 0.381944 0.359444 0.205556 0.236667
184 0.555208 0.196667 0.149306 0.197778
267 0.282986 0.279444 0.154861 0.190000
187 0.366667 0.243333 0.229167 0.160000
63 0.532639 0.592222 0.222222 0.422222
300 0.706944 0.308889 0.486111 0.266667
233 0.385417 0.390556 0.202778 0.158889
313 0.230556 0.490000 0.265278 0.128889
232 0.156597 0.190000 0.234028 0.153333
179 0.358681 0.158889 0.146528 0.262222
213 0.401042 0.528889 0.264583 0.208889
294 0.485764 0.302222 0.359028 0.215556
278 0.479514 0.246111 0.378472 0.178889
241 0.269792 0.538889 0.257639 0.220000
45 0.409375 0.280556 0.249306 0.074444
209 0.527431 0.344444 0.170139 0.144444
247 0.177083 0.141111 0.176389 0.177778