225 0.520139 0.418889 0.097222 0.048889
289 0.467708 0.392778 0.546528 0.130000
219 0.084028 0.137778 0.097222 0.048889
99 0.464931 0.165000 0.168750 0.196667
92 0.532639 0.138333 0.241667 0.156667
254 0.367361 0.337222 0.170833 0.214444
184 0.161458 0.554444 0.260417 0.240000
210 0.154861 0.247222 0.216667 0.241111
257 0.344444 0.456111 0.256944 0.181111
38 0.320139 0.307778 0.243056 0.077778
103 0.272222 0.260000 0.275000 0.180000
161 0.296528 0.193333 0.241667 0.122222
273 0.529861 0.376111 0.186111 0.183333
194 0.617361 0.138889 0.276389 0.157778
284 0.484375 0.198889 0.520139 0.173333
261 0.562847 0.474444 0.236806 0.266667
132 0.536806 0.208333 0.186111 0.156667
172 0.230903 0.328889 0.275694 0.213333