246 0.239931 0.219444 0.232639 0.127778
207 0.328472 0.247778 0.222222 0.422222
194 0.517361 0.292222 0.166667 0.271111
36 0.539583 0.247778 0.243056 0.077778
173 0.531250 0.251111 0.097222 0.048889
46 0.430208 0.438889 0.242361 0.106667
305 0.452431 0.361667 0.268750 0.218889
35 0.116667 0.133333 0.097222 0.048889
55 0.265972 0.350556 0.213889 0.107778
65 0.355556 0.512222 0.222222 0.422222
34 0.174306 0.171111 0.097222 0.048889
47 0.356597 0.325000 0.270139 0.083333
56 0.615278 0.193889 0.229167 0.070000
277 0.724306 0.305556 0.536111 0.211111
252 0.354167 0.481667 0.258333 0.272222
287 0.601736 0.241667 0.445139 0.212222
276 0.511806 0.178333 0.330556 0.158889
31 0.448958 0.155000 0.084028 0.052222
253 0.554167 0.103889 0.241667 0.136667
211 0.408333 0.462222 0.230556 0.191111
261 0.611111 0.413333 0.215278 0.186667
60 0.192708 0.328889 0.220139 0.086667
127 0.525694 0.532778 0.180556 0.250000
27 0.156944 0.173333 0.097222 0.048889