253 0.618056 0.440556 0.223611 0.134444
24 0.513889 0.321111 0.097222 0.048889
261 0.288889 0.162778 0.191667 0.172222
129 0.398611 0.568889 0.222222 0.262222
5 0.288194 0.496667 0.483333 0.166667
308 0.445486 0.284444 0.204861 0.126667
6 0.230903 0.376667 0.385417 0.144444
90 0.677083 0.620000 0.444444 0.444444
236 0.168056 0.196111 0.161111 0.205556
56 0.309722 0.098889 0.243056 0.093333
307 0.522917 0.322778 0.241667 0.225556
274 0.293056 0.381111 0.172222 0.188889
135 0.136806 0.557778 0.200000 0.231111
281 0.254514 0.395000 0.481250 0.123333
180 0.106597 0.202778 0.145139 0.192222
134 0.499306 0.275000 0.179167 0.261111
83 0.295486 0.499444 0.246528 0.194444
97 0.489236 0.380000 0.206250 0.117778
50 0.176389 0.185556 0.237500 0.071111
251 0.388889 0.331111 0.268056 0.197778
225 0.134028 0.070000 0.097222 0.048889
186 0.350000 0.388333 0.180556 0.243333