316 0.555903 0.547778 0.257639 0.224444
127 0.410417 0.346111 0.161111 0.178889
65 0.529167 0.412222 0.222222 0.422222
132 0.623264 0.452222 0.267361 0.124444
173 0.375694 0.065556 0.097222 0.048889
258 0.519444 0.394444 0.237500 0.237778
152 0.579861 0.465556 0.148611 0.202222
184 0.320139 0.487222 0.197222 0.274444
284 0.523611 0.132222 0.345833 0.106667
175 0.310417 0.341111 0.097222 0.048889
251 0.213889 0.509444 0.140278 0.154444
110 0.350000 0.490556 0.270833 0.112222
8 0.397222 0.536667 0.173611 0.555556
287 0.373264 0.197222 0.295139 0.207778
314 0.388194 0.207778 0.213889 0.117778
181 0.290972 0.504444 0.243056 0.273333
231 0.101736 0.482778 0.159028 0.187778
147 0.577083 0.602222 0.334722 0.535556
250 0.206250 0.492222 0.148611 0.122222
205 0.307986 0.558333 0.185417 0.272222
303 0.457639 0.097222 0.195833 0.134444
240 0.321875 0.423333 0.160417 0.260000