2 0.964583 0.228889 1.000000 0.066667
205 0.268750 0.339444 0.169444 0.221111
256 0.574306 0.397222 0.148611 0.118889
89 0.348264 0.134444 0.140972 0.140000
213 0.476042 0.297222 0.261806 0.250000
12 0.235764 0.241667 0.281250 0.178889
19 0.075000 0.246667 0.097222 0.048889
198 0.561806 0.315556 0.195833 0.175556
170 0.611806 0.359444 0.236111 0.163333
93 0.384028 0.151111 0.223611 0.111111
136 0.324653 0.278889 0.181250 0.124444
13 0.552778 0.465000 0.445833 0.130000
200 0.430556 0.250000 0.097222 0.048889
67 0.402778 0.457778 0.222222 0.422222
45 0.135069 0.391667 0.177083 0.085556
278 0.467708 0.425000 0.422917 0.187778
116 0.440278 0.395556 0.150000 0.222222
186 0.139931 0.494444 0.225694 0.173333
131 0.433333 0.224444 0.180556 0.268889
96 0.179167 0.481667 0.184722 0.263333
56 0.481250 0.113333 0.230556 0.097778
271 0.389931 0.231667 0.250694 0.187778