8 0.224306 0.427778 0.173611 0.555556
16 0.429514 0.450000 0.532639 0.106667
80 0.490972 0.405556 0.226389 0.184444
66 0.619444 0.465556 0.222222 0.422222
2 0.600694 0.262222 1.000000 0.066667
265 0.462153 0.333333 0.234028 0.248889
23 0.307639 0.338889 0.033333 0.053333
126 0.247569 0.537778 0.268750 0.222222
201 0.348611 0.237778 0.097222 0.048889
93 0.498264 0.216667 0.242361 0.166667
316 0.476389 0.351667 0.218056 0.112222
26 0.143750 0.380000 0.097222 0.048889
183 0.435764 0.353889 0.235417 0.230000
289 0.717014 0.077778 0.554861 0.075556
135 0.497569 0.382778 0.252083 0.116667
95 0.520486 0.520000 0.186806 0.208889
281 0.550000 0.472778 0.416667 0.081111
214 0.291667 0.501667 0.213889 0.181111
129 0.150694 0.556111 0.159722 0.252222
132 0.546528 0.287222 0.190278 0.247778
42 0.177083 0.464444 0.243056 0.077778