291 0.568403 0.290556 0.445139 0.136667
251 0.514236 0.354444 0.156250 0.166667
137 0.546181 0.460556 0.164583 0.272222
299 0.145139 0.303889 0.200000 0.216667
12 0.729861 0.176667 0.509722 0.142222
43 0.515278 0.230000 0.243056 0.077778
49 0.251736 0.372222 0.259028 0.106667
221 0.362153 0.142778 0.249306 0.127778
272 0.148958 0.416667 0.232639 0.128889
309 0.339583 0.515000 0.230556 0.218889
302 0.491667 0.307778 0.143056 0.248889
114 0.286111 0.318333 0.219444 0.232222
197 0.484028 0.381111 0.243056 0.128889
30 0.455903 0.267222 0.089583 0.050000
130 0.234722 0.477222 0.272222 0.218889
191 0.466319 0.163889 0.150694 0.185556
94 0.142361 0.322778 0.200000 0.265556
160 0.415625 0.533889 0.229861 0.190000
129 0.465625 0.547778 0.178472 0.260000
109 0.282639 0.349444 0.241667 0.176667
177 0.477431 0.521667 0.259028 0.198889
18 0.347917 0.393889 0.322222 0.112222
222 0.413889 0.436667 0.268056 0.251111
196 0.520139 0.517222 0.193056 0.258889