25 0.231250 0.386667 0.097222 0.048889
263 0.211458 0.303333 0.265972 0.160000
95 0.250000 0.300000 0.261111 0.146667
169 0.362500 0.436667 0.237500 0.144444
209 0.576042 0.398333 0.265972 0.241111
162 0.568403 0.478889 0.221528 0.211111
20 0.487500 0.426667 0.097222 0.048889
42 0.230556 0.103333 0.243056 0.077778
301 0.511806 0.470556 0.243056 0.152222
94 0.442361 0.193889 0.248611 0.190000
196 0.162847 0.337778 0.221528 0.184444
129 0.546528 0.195000 0.227778 0.274444
96 0.521528 0.534444 0.213889 0.268889
57 0.501042 0.378889 0.236806 0.111111
248 0.408681 0.263889 0.239583 0.114444
213 0.185764 0.353889 0.204861 0.185556
202 0.494792 0.393333 0.160417 0.177778
74 0.716667 0.256667 0.486111 0.266667
1 0.834722 0.063333 1.000000 0.066667
137 0.347917 0.147222 0.180556 0.230000
132 0.224653 0.094444 0.167361 0.137778
192 0.127431 0.523333 0.178472 0.277778