191 0.241667 0.423889 0.198611 0.256667
269 0.490972 0.549444 0.225000 0.232222
291 0.465625 0.104444 0.397917 0.135556
143 0.127431 0.203889 0.221528 0.138889
205 0.240972 0.318889 0.176389 0.120000
29 0.361458 0.371111 0.081250 0.042222
198 0.606250 0.353889 0.190278 0.258889
200 0.479861 0.124444 0.097222 0.048889
303 0.424306 0.564444 0.238889 0.257778
129 0.306597 0.095000 0.265972 0.143333
254 0.193750 0.541111 0.254167 0.231111
125 0.204167 0.470000 0.148611 0.157778
101 0.557292 0.213333 0.263194 0.275556
42 0.571528 0.325556 0.243056 0.077778
119 0.563542 0.465000 0.181250 0.201111