281 0.488889 0.296111 0.502778 0.192222
275 0.733681 0.472778 0.439583 0.205556
133 0.447569 0.291111 0.240972 0.262222
121 0.564931 0.402222 0.184028 0.155556
234 0.206597 0.504444 0.253472 0.177778
311 0.182292 0.359444 0.202083 0.270000
143 0.235417 0.095000 0.161111 0.132222
262 0.390278 0.561667 0.258333 0.236667
18 0.616667 0.211667 0.455556 0.130000
156 0.677778 0.463333 0.347222 0.388889
173 0.406944 0.215556 0.097222 0.048889
168 0.609722 0.298889 0.238889 0.191111
66 0.311111 0.565556 0.222222 0.422222
176 0.401736 0.292778 0.196528 0.134444
170 0.407986 0.147778 0.218750 0.231111
9 0.304167 0.673333 0.173611 0.555556
303 0.407986 0.492222 0.218750 0.200000
244 0.219444 0.503333 0.268056 0.255556
172 0.212847 0.544444 0.149306 0.208889
271 0.125347 0.128889 0.177083 0.204444
119 0.416319 0.234444 0.145139 0.124444