278 0.193403 0.159444 0.356250 0.170000
316 0.157986 0.416667 0.204861 0.224444
25 0.372917 0.211111 0.097222 0.048889
184 0.355208 0.220000 0.190972 0.155556
201 0.285417 0.054444 0.097222 0.048889
19 0.101389 0.431111 0.097222 0.048889
290 0.399306 0.266111 0.434722 0.165556
93 0.201042 0.337778 0.232639 0.266667
210 0.407986 0.528333 0.260417 0.234444
263 0.301736 0.373889 0.227083 0.167778
27 0.561806 0.054444 0.097222 0.048889
270 0.479861 0.236667 0.233333 0.257778
232 0.457986 0.278889 0.168750 0.133333
169 0.279514 0.140556 0.224306 0.218889
213 0.325694 0.225000 0.201389 0.183333
272 0.362847 0.391667 0.197917 0.218889
120 0.571875 0.284444 0.172917 0.224444
123 0.414236 0.407778 0.242361 0.115556
11 0.396528 0.318889 0.508333 0.108889
158 0.390972 0.262222 0.347222 0.388889
83 0.426389 0.188333 0.215278 0.276667
48 0.203819 0.108889 0.184028 0.104444
249 0.390278 0.573333 0.263889 0.277778