289 0.616319 0.145556 0.378472 0.111111
205 0.331597 0.299444 0.224306 0.210000
202 0.604514 0.516667 0.231250 0.244444
107 0.336111 0.297222 0.170833 0.256667
292 0.714236 0.287778 0.525694 0.162222
165 0.164931 0.429444 0.143750 0.236667
204 0.183681 0.250556 0.209028 0.210000
213 0.339931 0.437222 0.153472 0.176667
180 0.409028 0.350000 0.148611 0.171111
279 0.534722 0.125556 0.383333 0.206667
156 0.623611 0.248889 0.347222 0.388889
17 0.320833 0.444444 0.304167 0.177778
210 0.377431 0.157222 0.250694 0.183333
124 0.445139 0.489444 0.265278 0.205556
128 0.308681 0.235000 0.209028 0.185556
199 0.154167 0.472222 0.245833 0.155556
108 0.476042 0.187222 0.164583 0.112222
146 0.577083 0.277222 0.258333 0.227778
211 0.220486 0.415556 0.182639 0.131111
91 0.308681 0.154444 0.190972 0.131111