77 0.532639 0.183333 0.486111 0.266667
146 0.483333 0.563889 0.151389 0.241111
252 0.437500 0.363889 0.169444 0.187778
238 0.218056 0.133333 0.223611 0.160000
9 0.177083 0.345556 0.173611 0.555556
272 0.376042 0.356111 0.249306 0.190000
236 0.193750 0.141111 0.151389 0.180000
104 0.158681 0.457222 0.164583 0.112222
118 0.165625 0.178889 0.261806 0.255556
306 0.415278 0.378889 0.163889 0.168889
237 0.114583 0.421667 0.166667 0.196667
135 0.230556 0.541667 0.188889 0.201111
169 0.343056 0.480000 0.180556 0.220000
288 0.379514 0.251667 0.296528 0.096667
139 0.450694 0.420556 0.259722 0.116667
184 0.163542 0.446667 0.268750 0.153333
145 0.415625 0.461667 0.268750 0.221111