238 0.247917 0.361667 0.180556 0.161111
278 0.406250 0.437778 0.426389 0.082222
174 0.089583 0.052222 0.097222 0.048889
27 0.101389 0.122222 0.097222 0.048889
200 0.484028 0.057778 0.097222 0.048889
46 0.532986 0.101667 0.249306 0.092222
121 0.446875 0.120556 0.245139 0.145556
75 0.348611 0.330000 0.486111 0.266667
225 0.295833 0.158889 0.097222 0.048889
243 0.282986 0.457778 0.200694 0.251111
113 0.344444 0.272222 0.165278 0.202222
289 0.507639 0.220556 0.295833 0.212222
304 0.327431 0.218889 0.264583 0.146667
296 0.592014 0.141667 0.531250 0.127778
91 0.184375 0.513889 0.165972 0.170000
199 0.622917 0.207778 0.218056 0.233333
108 0.318056 0.427222 0.183333 0.221111