48 0.410764 0.115000 0.204861 0.074444
90 0.502778 0.540000 0.444444 0.444444
248 0.334722 0.207222 0.234722 0.143333
249 0.226389 0.398333 0.243056 0.263333
125 0.229861 0.330556 0.166667 0.267778
32 0.326736 0.174444 0.115972 0.053333
6 0.439583 0.506667 0.281944 0.177778
168 0.170139 0.311667 0.156944 0.232222
33 0.557639 0.317778 0.097222 0.048889
162 0.178472 0.378889 0.168056 0.120000
244 0.561458 0.361111 0.209028 0.233333
59 0.157639 0.263333 0.231944 0.088889
261 0.185069 0.325556 0.250694 0.115556
272 0.362847 0.119444 0.200694 0.178889
88 0.236111 0.196667 0.193056 0.246667
127 0.482292 0.332778 0.272917 0.227778
289 0.469444 0.291667 0.402778 0.130000
83 0.493750 0.329444 0.268056 0.230000
307 0.642014 0.372222 0.256250 0.226667
194 0.203472 0.214444 0.254167 0.133333
151 0.305903 0.499444 0.164583 0.165556
96 0.231597 0.502222 0.165972 0.246667
269 0.126042 0.431667 0.218750 0.258889