273 0.173264 0.295000 0.192361 0.254444
172 0.555208 0.167222 0.189583 0.223333
259 0.184028 0.296667 0.143056 0.140000
118 0.220139 0.305556 0.277778 0.117778
48 0.478125 0.166111 0.188194 0.074444
12 0.518403 0.135556 0.411806 0.108889
130 0.228125 0.436667 0.172917 0.217778
155 0.609722 0.240000 0.347222 0.388889
286 0.288889 0.130556 0.419444 0.098889
73 0.487847 0.156667 0.272917 0.242222
267 0.161111 0.410000 0.179167 0.244444
9 0.329167 0.624444 0.173611 0.555556
233 0.260069 0.290556 0.261806 0.247778
173 0.502083 0.246667 0.097222 0.048889
46 0.222917 0.329444 0.245833 0.078889
2 0.903472 0.473333 1.000000 0.066667