11 0.482292 0.208333 0.503472 0.141111
77 0.263889 0.546667 0.486111 0.266667
308 0.422222 0.175000 0.165278 0.134444
242 0.257639 0.469444 0.154167 0.192222
150 0.346181 0.491667 0.203472 0.172222
129 0.364236 0.375000 0.145139 0.210000
176 0.383333 0.457222 0.229167 0.147778
145 0.178125 0.123333 0.152083 0.157778
214 0.150694 0.153333 0.188889 0.173333
54 0.454861 0.383889 0.275000 0.085556
206 0.525000 0.432222 0.243056 0.077778
261 0.352431 0.338333 0.199306 0.132222
13 0.396875 0.152222 0.496528 0.073333
240 0.414931 0.342778 0.224306 0.256667
245 0.174653 0.393889 0.246528 0.223333
50 0.394444 0.241667 0.241667 0.067778
128 0.572917 0.421111 0.181944 0.128889
35 0.397222 0.323333 0.097222 0.048889