263 0.296181 0.294444 0.259028 0.200000
187 0.602083 0.379444 0.213889 0.238889
232 0.215625 0.379444 0.242361 0.252222
236 0.562500 0.190556 0.256944 0.236667
312 0.221875 0.564444 0.239583 0.253333
172 0.376736 0.456667 0.159028 0.140000
133 0.283681 0.340556 0.274306 0.258889
69 0.272222 0.294444 0.222222 0.422222
188 0.484028 0.322222 0.276389 0.186667
233 0.594097 0.106667 0.164583 0.135556
284 0.264583 0.399444 0.300000 0.210000
151 0.368750 0.114444 0.277778 0.177778
37 0.515278 0.225556 0.243056 0.077778
170 0.520833 0.383333 0.138889 0.164444
97 0.359722 0.388889 0.234722 0.240000
92 0.381250 0.428889 0.261111 0.248889
179 0.578472 0.131667 0.211111 0.165556
98 0.327083 0.104444 0.277778 0.151111
119 0.264583 0.160556 0.159722 0.245556
96 0.260069 0.486667 0.197917 0.186667
152 0.341667 0.391111 0.225000 0.115556