103 0.497222 0.215000 0.161111 0.112222
195 0.176389 0.375556 0.263889 0.137778
129 0.242708 0.172778 0.172917 0.123333
80 0.571181 0.317778 0.189583 0.253333
218 0.170833 0.408889 0.277778 0.253333
3 0.738194 0.287778 1.000000 0.066667
171 0.313889 0.138889 0.195833 0.164444
97 0.261111 0.490556 0.225000 0.187778
70 0.198958 0.398889 0.240972 0.137778
130 0.180903 0.128333 0.168750 0.201111
236 0.306250 0.187222 0.143056 0.236667
79 0.429861 0.482222 0.254167 0.257778
113 0.245139 0.253333 0.259722 0.151111
56 0.348611 0.202222 0.200000 0.082222
86 0.128125 0.329444 0.214583 0.118889
8 0.487500 0.407778 0.173611 0.555556
6 0.343056 0.234444 0.554167 0.204444
120 0.388542 0.245556 0.249306 0.248889