280 0.360069 0.398889 0.514583 0.124444
288 0.485764 0.333333 0.481250 0.151111
15 0.252778 0.326667 0.097222 0.048889
180 0.273958 0.237778 0.235417 0.155556
156 0.512500 0.577778 0.347222 0.388889
69 0.129167 0.361111 0.222222 0.422222
82 0.510764 0.245000 0.246528 0.161111
199 0.558333 0.221111 0.243056 0.237778
173 0.109028 0.286667 0.097222 0.048889
89 0.227083 0.256111 0.170833 0.194444
298 0.328472 0.356667 0.512500 0.122222
262 0.486111 0.348889 0.218056 0.208889
198 0.318403 0.096111 0.186806 0.138889
25 0.472917 0.094444 0.097222 0.048889
138 0.257292 0.370556 0.252083 0.116667
41 0.420139 0.287778 0.243056 0.077778
210 0.577083 0.299444 0.194444 0.207778
165 0.449653 0.147222 0.168750 0.201111
90 0.254167 0.276667 0.444444 0.444444
313 0.455556 0.101111 0.252778 0.131111
137 0.204514 0.176111 0.179861 0.212222