195 0.317708 0.213333 0.228472 0.120000
22 0.161806 0.123333 0.033333 0.053333
201 0.152778 0.237778 0.097222 0.048889
315 0.208681 0.322222 0.271528 0.162222
8 0.102083 0.600000 0.173611 0.555556
98 0.402083 0.454444 0.161111 0.213333
194 0.470139 0.542222 0.176389 0.273333
209 0.315625 0.293889 0.181250 0.183333
235 0.127778 0.516667 0.144444 0.251111
33 0.456250 0.127778 0.097222 0.048889
78 0.240972 0.239444 0.256944 0.245556
255 0.619444 0.167222 0.220833 0.127778
198 0.375347 0.160000 0.170139 0.228889
304 0.476736 0.196111 0.150694 0.254444
57 0.621875 0.114444 0.252083 0.075556
118 0.219792 0.298333 0.177083 0.121111
253 0.249653 0.201667 0.171528 0.187778
246 0.351736 0.475000 0.231250 0.238889
135 0.427778 0.417778 0.161111 0.206667
104 0.577431 0.172778 0.228472 0.150000
276 0.555208 0.148889 0.339583 0.071111
31 0.471875 0.443333 0.089583 0.048889
219 0.411806 0.443333 0.097222 0.048889
215 0.451042 0.338889 0.260417 0.277778