171 0.330208 0.110000 0.243750 0.124444
84 0.421875 0.320000 0.260417 0.277778
162 0.647917 0.545000 0.269444 0.201111
30 0.351389 0.279444 0.081944 0.050000
31 0.461806 0.048889 0.119444 0.044444
37 0.511806 0.157778 0.243056 0.077778
236 0.548264 0.488889 0.239583 0.235556
166 0.537500 0.452222 0.195833 0.255556
154 0.240972 0.433333 0.347222 0.388889
70 0.143056 0.180000 0.256944 0.244444
34 0.171528 0.142222 0.097222 0.048889
274 0.495833 0.191111 0.187500 0.180000
136 0.505208 0.200000 0.250694 0.111111
134 0.353819 0.453889 0.170139 0.134444
285 0.453125 0.453889 0.443750 0.210000
255 0.616319 0.481111 0.267361 0.155556
241 0.279167 0.168889 0.155556 0.195556
149 0.488194 0.424444 0.252778 0.404444
59 0.154514 0.386667 0.243750 0.066667
20 0.481944 0.427778 0.097222 0.048889
108 0.286111 0.226111 0.145833 0.225556
138 0.443750 0.481111 0.256944 0.224444
287 0.420833 0.256111 0.488889 0.192222
178 0.507639 0.437778 0.173611 0.146667
32 0.254514 0.352222 0.111806 0.044444