126 0.569792 0.320000 0.254861 0.180000
43 0.155556 0.415556 0.243056 0.077778
55 0.499306 0.255000 0.236111 0.092222
265 0.489236 0.294444 0.165972 0.195556
36 0.449306 0.090000 0.243056 0.077778
35 0.386111 0.118889 0.097222 0.048889
210 0.143750 0.126111 0.190278 0.132222
28 0.268056 0.475556 0.243056 0.077778
239 0.578819 0.503889 0.218750 0.125556
137 0.450000 0.307778 0.238889 0.151111
37 0.414583 0.354444 0.243056 0.077778
267 0.473958 0.133333 0.267361 0.206667
107 0.527083 0.393889 0.169444 0.130000