50 0.409722 0.091111 0.180556 0.106667
311 0.305903 0.286111 0.232639 0.116667
261 0.266667 0.106111 0.177778 0.143333
144 0.437500 0.190556 0.250000 0.245556
258 0.378472 0.493333 0.233333 0.233333
198 0.175347 0.350556 0.217361 0.138889
54 0.437153 0.143889 0.242361 0.094444
88 0.509375 0.138333 0.246528 0.150000
141 0.477431 0.260556 0.260417 0.230000
291 0.289583 0.309444 0.504167 0.103333
245 0.370486 0.128333 0.271528 0.194444
56 0.256944 0.489444 0.220833 0.103333
97 0.575000 0.290556 0.273611 0.158889
240 0.421181 0.370000 0.161806 0.135556
182 0.536806 0.466667 0.169444 0.264444
107 0.315278 0.396667 0.176389 0.271111