164 0.575000 0.250000 0.275000 0.128889
128 0.482986 0.445000 0.268750 0.250000
186 0.259375 0.322222 0.265972 0.173333
179 0.462500 0.437222 0.215278 0.163333
204 0.496181 0.099444 0.202083 0.145556
264 0.522917 0.179444 0.230556 0.165556
49 0.133681 0.352222 0.189583 0.091111
93 0.412153 0.313889 0.160417 0.230000
48 0.498958 0.435556 0.204861 0.071111
80 0.481250 0.316111 0.163889 0.241111
221 0.414583 0.187222 0.152778 0.261111
29 0.083333 0.366667 0.080556 0.044444
132 0.453819 0.183889 0.139583 0.276667
15 0.275694 0.264444 0.097222 0.048889
136 0.440972 0.450556 0.236111 0.201111
242 0.263889 0.135000 0.255556 0.181111
30 0.071528 0.116667 0.083333 0.051111
113 0.317361 0.261111 0.237500 0.188889
165 0.624306 0.468889 0.273611 0.206667
55 0.424653 0.244444 0.227083 0.075556
103 0.111458 0.212778 0.164583 0.136667
120 0.314931 0.383333 0.170139 0.173333