62 0.632639 0.335556 0.243056 0.077778
149 0.617361 0.434444 0.252778 0.404444
314 0.436111 0.107778 0.252778 0.146667
248 0.474306 0.297778 0.166667 0.162222
230 0.378472 0.344444 0.222222 0.422222
213 0.192014 0.517778 0.164583 0.208889
272 0.558681 0.159444 0.177083 0.212222
258 0.217361 0.358333 0.263889 0.221111
5 0.595833 0.479444 0.394444 0.203333
89 0.453125 0.196111 0.268750 0.205556
186 0.478472 0.108889 0.256944 0.140000
35 0.184722 0.046667 0.097222 0.048889
3 0.732639 0.155556 1.000000 0.066667
47 0.314931 0.160556 0.246528 0.094444
174 0.194444 0.465556 0.097222 0.048889
227 0.113194 0.338333 0.166667 0.130000