111 0.442708 0.444444 0.188194 0.251111
252 0.490972 0.360556 0.220833 0.243333
289 0.189583 0.180000 0.277778 0.220000
58 0.376389 0.145556 0.230556 0.082222
93 0.604514 0.280556 0.240972 0.234444
260 0.237153 0.273889 0.231250 0.201111
257 0.456250 0.133333 0.190278 0.113333
64 0.227778 0.303333 0.222222 0.422222
161 0.601389 0.241111 0.226389 0.171111
45 0.217708 0.327222 0.275694 0.078889
108 0.319444 0.442222 0.206944 0.246667
109 0.587500 0.469444 0.254167 0.274444
273 0.121528 0.381667 0.194444 0.118889