18 0.341319 0.422222 0.532639 0.113333
132 0.524653 0.349444 0.217361 0.258889
189 0.637847 0.331111 0.264583 0.240000
247 0.468056 0.358333 0.150000 0.227778
190 0.365625 0.390556 0.160417 0.181111
300 0.647222 0.310000 0.486111 0.266667
271 0.169792 0.158889 0.170139 0.151111
104 0.616667 0.143889 0.272222 0.192222
61 0.484028 0.330000 0.177778 0.097778
53 0.149653 0.114444 0.218750 0.102222
9 0.535417 0.320000 0.173611 0.555556
259 0.488542 0.292778 0.182639 0.270000
90 0.277083 0.564444 0.444444 0.444444
235 0.417014 0.151111 0.221528 0.177778