85 0.531250 0.302778 0.237500 0.181111
187 0.637847 0.387778 0.275694 0.133333
104 0.191667 0.257222 0.197222 0.123333
258 0.350000 0.446111 0.165278 0.118889
197 0.521875 0.293333 0.277083 0.206667
289 0.526389 0.222222 0.383333 0.204444
306 0.566667 0.359444 0.252778 0.134444
194 0.568056 0.334444 0.256944 0.244444
211 0.567361 0.475000 0.206944 0.123333
183 0.139236 0.376111 0.207639 0.187778
149 0.418750 0.528889 0.252778 0.404444
138 0.434028 0.160000 0.154167 0.213333
164 0.175347 0.165556 0.210417 0.224444
224 0.565972 0.515556 0.256944 0.157778
73 0.508681 0.207222 0.168750 0.190000
198 0.294097 0.461111 0.203472 0.166667
2 0.831944 0.375556 1.000000 0.066667
234 0.413889 0.349444 0.272222 0.238889
246 0.516667 0.380000 0.218056 0.117778
63 0.418056 0.545556 0.222222 0.422222
87 0.511111 0.513333 0.229167 0.146667
107 0.328472 0.227222 0.177778 0.132222