220 0.199306 0.554444 0.151389 0.255556
68 0.353472 0.544444 0.222222 0.422222
256 0.377778 0.339444 0.219444 0.238889
96 0.307986 0.382778 0.245139 0.194444
203 0.487500 0.283889 0.240278 0.254444
95 0.584028 0.481667 0.230556 0.254444
239 0.573958 0.393333 0.182639 0.204444
166 0.352431 0.208889 0.182639 0.268889
184 0.199653 0.267222 0.190972 0.150000
290 0.639583 0.278333 0.443056 0.138889
195 0.146875 0.532778 0.211806 0.230000
72 0.162153 0.529444 0.170139 0.207778
13 0.418750 0.308333 0.425000 0.152222
35 0.349306 0.165556 0.097222 0.048889
114 0.252431 0.125556 0.228472 0.195556
191 0.579861 0.456667 0.193056 0.208889
37 0.151389 0.308889 0.243056 0.077778
158 0.283333 0.314444 0.347222 0.388889
111 0.322222 0.425556 0.277778 0.264444
117 0.256250 0.360000 0.209722 0.257778
33 0.200000 0.124444 0.097222 0.048889
281 0.425000 0.370556 0.477778 0.083333
138 0.230208 0.505000 0.260417 0.267778
271 0.535069 0.497778 0.243750 0.200000
135 0.580903 0.190556 0.174306 0.276667