153 0.587500 0.528889 0.347222 0.388889
82 0.497917 0.549444 0.198611 0.216667
2 0.792361 0.412222 1.000000 0.066667
287 0.583681 0.286667 0.346528 0.168889
225 0.561806 0.182222 0.097222 0.048889
10 0.476389 0.189444 0.476389 0.183333
283 0.617361 0.418889 0.323611 0.066667
117 0.181597 0.331111 0.195139 0.211111
276 0.702778 0.177778 0.501389 0.137778
151 0.191667 0.131111 0.266667 0.142222
21 0.191667 0.298889 0.097222 0.048889
9 0.493750 0.673333 0.173611 0.555556
290 0.561806 0.206667 0.334722 0.137778
269 0.275347 0.158889 0.147917 0.260000
175 0.177083 0.411111 0.097222 0.048889
296 0.751736 0.126667 0.546528 0.182222
234 0.480903 0.322778 0.245139 0.218889
260 0.534722 0.155556 0.179167 0.217778
18 0.303125 0.127222 0.464583 0.094444
182 0.143750 0.320556 0.173611 0.196667
43 0.474306 0.232222 0.243056 0.077778
57 0.460764 0.224444 0.268750 0.091111
13 0.277083 0.252778 0.347222 0.085556