30 0.193056 0.433333 0.087500 0.044444
165 0.488889 0.217778 0.140278 0.226667
229 0.264236 0.321111 0.153472 0.233333
215 0.326389 0.455000 0.220833 0.114444
211 0.238889 0.237778 0.177778 0.126667
237 0.154167 0.203889 0.236111 0.210000
186 0.187153 0.310000 0.207639 0.217778
287 0.275000 0.532778 0.397222 0.181111
209 0.318750 0.420556 0.145833 0.218889
258 0.479861 0.516667 0.215278 0.188889
309 0.223264 0.395556 0.229861 0.140000
159 0.251042 0.315556 0.277083 0.113333
175 0.178472 0.154444 0.097222 0.048889