157 0.303472 0.291111 0.347222 0.388889
111 0.242708 0.359444 0.214583 0.143333
216 0.527083 0.319444 0.273611 0.203333
180 0.280556 0.520556 0.266667 0.214444
264 0.445486 0.442778 0.235417 0.207778
240 0.318056 0.492778 0.187500 0.212222
160 0.433681 0.495000 0.202083 0.245556
26 0.497917 0.343333 0.097222 0.048889
96 0.276042 0.534444 0.272917 0.266667
35 0.472917 0.258889 0.097222 0.048889
289 0.316667 0.256111 0.334722 0.134444
41 0.195833 0.146667 0.243056 0.077778
154 0.583333 0.283333 0.347222 0.388889
87 0.111806 0.185000 0.150000 0.161111