299 0.419444 0.520000 0.230556 0.186667
62 0.468750 0.087778 0.243056 0.077778
175 0.205556 0.312222 0.097222 0.048889
274 0.210069 0.373333 0.163194 0.193333
123 0.191319 0.165000 0.192361 0.187778
143 0.483333 0.116111 0.250000 0.176667
140 0.379861 0.227222 0.216667 0.118889
232 0.518056 0.281111 0.156944 0.144444
295 0.575347 0.398333 0.547917 0.116667
238 0.357292 0.158333 0.193750 0.118889
160 0.406944 0.525556 0.269444 0.262222
311 0.327431 0.356667 0.174306 0.200000
108 0.505208 0.305000 0.152083 0.114444
165 0.434722 0.372778 0.255556 0.154444
139 0.233681 0.187222 0.210417 0.112222
228 0.226736 0.497222 0.272917 0.241111
91 0.450347 0.331111 0.175694 0.277778
90 0.720833 0.576667 0.444444 0.444444
185 0.241319 0.248889 0.195139 0.128889
86 0.457986 0.260556 0.257639 0.214444
261 0.439583 0.185000 0.258333 0.223333
176 0.232292 0.298889 0.247917 0.200000
53 0.182986 0.446111 0.259028 0.094444