106 0.509722 0.276667 0.166667 0.148889
123 0.140972 0.148889 0.238889 0.128889
54 0.305903 0.387222 0.259028 0.076667
230 0.539583 0.592222 0.222222 0.422222
238 0.576736 0.388333 0.156250 0.243333
221 0.600347 0.172222 0.260417 0.200000
261 0.293056 0.156667 0.183333 0.246667
65 0.548611 0.602222 0.222222 0.422222
121 0.139583 0.341111 0.208333 0.204444
246 0.209722 0.235556 0.237500 0.248889
260 0.471181 0.523889 0.242361 0.267778
8 0.522222 0.440000 0.173611 0.555556
126 0.351389 0.331667 0.216667 0.276667
110 0.450694 0.397222 0.202778 0.221111
306 0.584028 0.237222 0.186111 0.132222
184 0.283333 0.123889 0.258333 0.165556
258 0.266667 0.506111 0.204167 0.267778
142 0.210069 0.250556 0.200694 0.225556