175 0.279861 0.414444 0.097222 0.048889
59 0.232292 0.180556 0.240972 0.107778
14 0.614583 0.330000 0.465278 0.182222
51 0.320833 0.248889 0.258333 0.104444
256 0.378819 0.179444 0.256250 0.201111
162 0.375347 0.313889 0.214583 0.165556
10 0.448264 0.400000 0.371528 0.155556
26 0.122917 0.268889 0.097222 0.048889
281 0.559722 0.495000 0.416667 0.147778
218 0.470139 0.395556 0.225000 0.257778
91 0.127778 0.473333 0.190278 0.175556
196 0.535764 0.278889 0.189583 0.257778
304 0.294444 0.197222 0.168056 0.247778
75 0.552083 0.271111 0.486111 0.266667
98 0.166319 0.565000 0.163194 0.256667
278 0.659375 0.132778 0.538194 0.141111
200 0.118750 0.160000 0.097222 0.048889
188 0.562500 0.276667 0.190278 0.162222
310 0.524306 0.473889 0.231944 0.134444
131 0.495139 0.428333 0.272222 0.118889
119 0.598611 0.210000 0.255556 0.195556