294 0.246181 0.166111 0.393750 0.136667
34 0.500000 0.187778 0.097222 0.048889
3 0.623611 0.447778 1.000000 0.066667
281 0.756250 0.240000 0.516667 0.175556
135 0.544444 0.338889 0.241667 0.235556
262 0.583681 0.398333 0.271528 0.261111
52 0.396181 0.170000 0.192361 0.097778
64 0.301389 0.456667 0.222222 0.422222
302 0.247222 0.537222 0.195833 0.270000
39 0.497222 0.408889 0.243056 0.077778
92 0.406597 0.177778 0.193750 0.168889
268 0.373264 0.147778 0.249306 0.157778
166 0.626042 0.207778 0.260417 0.206667
85 0.142708 0.373333 0.235417 0.126667
130 0.253819 0.103889 0.189583 0.130000
194 0.482986 0.176111 0.232639 0.172222
165 0.416319 0.163333 0.195139 0.235556
66 0.520139 0.424444 0.222222 0.422222
195 0.493403 0.441667 0.174306 0.252222
108 0.480903 0.440556 0.211806 0.210000
235 0.625694 0.293333 0.223611 0.184444
152 0.434722 0.375556 0.144444 0.206667
313 0.145486 0.370556 0.193750 0.207778
28 0.286111 0.168889 0.243056 0.077778