103 0.337153 0.162778 0.259028 0.210000
86 0.415278 0.448889 0.220833 0.260000
302 0.537500 0.301111 0.229167 0.120000
253 0.339931 0.450556 0.213194 0.161111
23 0.345833 0.205556 0.033333 0.053333
46 0.262500 0.195556 0.231944 0.075556
183 0.085069 0.551111 0.140972 0.275556
73 0.465972 0.478889 0.183333 0.162222
148 0.275347 0.394444 0.199306 0.244444
175 0.490278 0.360000 0.097222 0.048889
263 0.475000 0.488889 0.148611 0.182222
281 0.398264 0.334444 0.314583 0.200000
87 0.203125 0.158333 0.185417 0.118889