28 0.382639 0.263333 0.243056 0.077778
174 0.388889 0.215556 0.097222 0.048889
17 0.375347 0.102222 0.529861 0.113333
213 0.480903 0.313889 0.199306 0.223333
260 0.318056 0.208333 0.220833 0.125556
296 0.242708 0.408889 0.431250 0.193333
221 0.559375 0.151111 0.196528 0.217778
9 0.346528 0.686667 0.173611 0.555556
223 0.264931 0.469444 0.161806 0.158889
81 0.511111 0.180556 0.211111 0.265556
289 0.520486 0.236111 0.356250 0.216667
16 0.565972 0.229444 0.348611 0.176667
86 0.406250 0.341111 0.198611 0.246667
147 0.496528 0.484444 0.334722 0.535556
258 0.484375 0.150556 0.227083 0.187778