202 0.229514 0.351111 0.253472 0.208889
12 0.650347 0.126667 0.429861 0.111111
178 0.458333 0.381667 0.154167 0.192222
179 0.215972 0.333333 0.261111 0.237778
265 0.528125 0.276111 0.168750 0.156667
5 0.727083 0.149444 0.526389 0.185556
130 0.356944 0.501667 0.138889 0.223333
273 0.310764 0.565556 0.197917 0.248889
143 0.264583 0.411667 0.191667 0.203333
169 0.344444 0.420556 0.154167 0.121111
188 0.140278 0.137222 0.252778 0.174444
174 0.200000 0.196667 0.097222 0.048889
38 0.563889 0.371111 0.243056 0.077778
267 0.214236 0.261667 0.254861 0.201111
54 0.438889 0.385556 0.202778 0.080000
200 0.368056 0.384444 0.097222 0.048889
32 0.336458 0.158889 0.109028 0.040000
88 0.455903 0.457778 0.245139 0.111111
78 0.260764 0.496667 0.165972 0.268889
53 0.123958 0.180556 0.174306 0.096667
163 0.385417 0.418889 0.256944 0.173333