237 0.427083 0.366667 0.268056 0.224444
1 0.679861 0.402222 1.000000 0.066667
151 0.196875 0.171667 0.186806 0.185556
22 0.295833 0.342222 0.033333 0.053333
74 0.612500 0.237778 0.486111 0.266667
98 0.459722 0.416667 0.237500 0.215556
57 0.522917 0.219444 0.256944 0.105556
109 0.452431 0.138889 0.256250 0.115556
120 0.392708 0.346111 0.220139 0.238889
29 0.421875 0.190000 0.093750 0.042222
26 0.440972 0.197778 0.097222 0.048889
84 0.335764 0.322778 0.157639 0.223333
244 0.519444 0.547222 0.223611 0.250000
292 0.413194 0.435556 0.448611 0.095556