151 0.493403 0.473889 0.231250 0.141111
243 0.473611 0.501111 0.158333 0.151111
161 0.248264 0.305556 0.210417 0.217778
5 0.644444 0.131111 0.363889 0.128889
134 0.574306 0.325000 0.209722 0.270000
293 0.714583 0.186667 0.430556 0.197778
215 0.420833 0.207778 0.188889 0.220000
96 0.633333 0.405000 0.277778 0.176667
55 0.255208 0.494444 0.213194 0.104444
30 0.326736 0.170000 0.117361 0.048889
21 0.454167 0.094444 0.097222 0.048889
264 0.203472 0.291111 0.204167 0.188889
272 0.575000 0.298333 0.270833 0.227778
61 0.193750 0.315000 0.266667 0.081111
221 0.225347 0.381111 0.164583 0.246667
38 0.525000 0.168889 0.243056 0.077778
306 0.208681 0.231111 0.235417 0.268889
250 0.538889 0.402778 0.202778 0.225556