1 0.593056 0.105556 1.000000 0.066667
274 0.343750 0.513333 0.172222 0.200000
306 0.470833 0.503889 0.176389 0.272222
285 0.434375 0.273889 0.309028 0.212222
295 0.311111 0.203889 0.347222 0.161111
34 0.265972 0.135556 0.097222 0.048889
310 0.167708 0.187778 0.181250 0.124444
245 0.180903 0.277222 0.270139 0.227778
272 0.232986 0.473333 0.185417 0.137778
125 0.227083 0.440556 0.226389 0.161111
110 0.529167 0.108333 0.145833 0.141111
82 0.243056 0.467222 0.245833 0.190000
200 0.545139 0.191111 0.097222 0.048889
11 0.762500 0.167778 0.547222 0.220000
12 0.535069 0.135556 0.500694 0.113333
190 0.223264 0.451111 0.245139 0.164444
49 0.349306 0.386111 0.183333 0.087778