212 0.325694 0.287778 0.255556 0.204444
51 0.260417 0.448889 0.206944 0.102222
129 0.460069 0.241667 0.140972 0.263333
11 0.603472 0.423889 0.401389 0.221111
152 0.297222 0.207222 0.144444 0.232222
9 0.275000 0.681111 0.173611 0.555556
100 0.573264 0.345556 0.274306 0.120000
308 0.206250 0.417222 0.180556 0.185556
45 0.251042 0.385000 0.211806 0.074444
7 0.595139 0.614444 0.173611 0.555556
44 0.151389 0.334444 0.243056 0.077778
17 0.630208 0.430000 0.359028 0.206667
201 0.094444 0.282222 0.097222 0.048889
123 0.301042 0.242778 0.165972 0.181111
178 0.489583 0.170556 0.231944 0.247778
59 0.589931 0.176667 0.175694 0.080000
28 0.315278 0.112222 0.243056 0.077778
12 0.663194 0.468333 0.548611 0.192222
128 0.574306 0.291111 0.193056 0.188889
180 0.578125 0.322778 0.222917 0.256667
60 0.153819 0.228889 0.264583 0.082222
279 0.319097 0.300556 0.420139 0.161111
189 0.286458 0.278333 0.268750 0.201111
187 0.219444 0.397778 0.234722 0.166667
119 0.422222 0.530000 0.233333 0.197778