266 0.203472 0.374444 0.215278 0.257778
188 0.541667 0.225556 0.252778 0.206667
276 0.545139 0.492222 0.533333 0.135556
94 0.288542 0.445000 0.157639 0.170000
134 0.297569 0.373889 0.245139 0.274444
77 0.423611 0.262222 0.486111 0.266667
103 0.177778 0.155556 0.148611 0.257778
232 0.406250 0.218889 0.252778 0.184444
25 0.336111 0.467778 0.097222 0.048889
254 0.428819 0.144444 0.256250 0.168889
250 0.532292 0.510556 0.236806 0.252222
310 0.303125 0.362222 0.143750 0.173333
282 0.560764 0.410000 0.293750 0.066667
116 0.254861 0.238889 0.245833 0.175556
253 0.308333 0.365000 0.219444 0.234444
203 0.212847 0.367222 0.145139 0.203333
75 0.718750 0.190000 0.486111 0.266667
107 0.203125 0.128333 0.177083 0.141111