237 0.467014 0.467778 0.272917 0.231111
139 0.211111 0.258889 0.227778 0.173333
153 0.436111 0.260000 0.347222 0.388889
21 0.186111 0.412222 0.097222 0.048889
137 0.570833 0.150000 0.163889 0.173333
26 0.559028 0.434444 0.097222 0.048889
287 0.321528 0.330000 0.319444 0.120000
226 0.370139 0.176667 0.097222 0.048889
241 0.411806 0.478889 0.166667 0.153333
278 0.770139 0.367778 0.527778 0.220000
290 0.634028 0.375556 0.390278 0.133333
5 0.466667 0.396667 0.348611 0.104444
307 0.222917 0.378333 0.252778 0.178889
79 0.405208 0.518889 0.217361 0.255556
119 0.251389 0.498889 0.227778 0.268889