274 0.290278 0.467222 0.237500 0.161111
35 0.233333 0.293333 0.097222 0.048889
137 0.118056 0.493889 0.176389 0.170000
182 0.624653 0.453333 0.260417 0.182222
174 0.288194 0.268889 0.097222 0.048889
89 0.563889 0.428889 0.180556 0.202222
98 0.321181 0.542222 0.277083 0.277778
195 0.516667 0.306111 0.170833 0.234444
258 0.304167 0.418889 0.219444 0.237778
268 0.207986 0.202222 0.246528 0.153333
75 0.599306 0.228889 0.486111 0.266667
144 0.507292 0.121111 0.171528 0.162222
279 0.471528 0.244444 0.372222 0.151111
269 0.224653 0.463889 0.185417 0.241111
119 0.387500 0.412778 0.208333 0.170000