108 0.335764 0.311667 0.196528 0.165556
65 0.620139 0.617778 0.222222 0.422222
91 0.460069 0.134444 0.196528 0.146667
294 0.577083 0.250556 0.405556 0.185556
209 0.251389 0.331111 0.169444 0.142222
315 0.485069 0.544444 0.197917 0.200000
103 0.468403 0.428333 0.224306 0.261111
124 0.148264 0.292778 0.211806 0.118889
278 0.328819 0.165556 0.453472 0.220000
13 0.589931 0.116111 0.409028 0.087778
26 0.347917 0.258889 0.097222 0.048889
63 0.329861 0.320000 0.222222 0.422222
1 0.976389 0.151111 1.000000 0.066667
93 0.355556 0.512778 0.145833 0.136667
247 0.248958 0.341667 0.270139 0.183333
104 0.572222 0.378889 0.162500 0.268889
259 0.410417 0.318333 0.209722 0.185556
303 0.165278 0.241667 0.252778 0.207778