36 0.530556 0.254444 0.243056 0.077778
91 0.309375 0.301111 0.204861 0.220000
4 0.283681 0.226667 0.446528 0.097778
148 0.551042 0.472222 0.163194 0.264444
143 0.446875 0.162778 0.277083 0.243333
210 0.229861 0.174444 0.173611 0.266667
252 0.414583 0.316111 0.275000 0.243333
100 0.465625 0.133333 0.160417 0.182222
159 0.198611 0.457778 0.222222 0.275556
87 0.158681 0.485556 0.250694 0.240000
41 0.237500 0.243333 0.243056 0.077778
279 0.270833 0.256667 0.373611 0.202222
275 0.662500 0.071111 0.298611 0.075556
304 0.340278 0.481667 0.250000 0.167778
237 0.119792 0.365556 0.143750 0.226667
66 0.276389 0.468889 0.222222 0.422222
293 0.630208 0.466667 0.288194 0.073333
119 0.345833 0.177778 0.180556 0.128889