206 0.229167 0.321111 0.243056 0.077778
87 0.645139 0.471667 0.269444 0.252222
279 0.550000 0.205556 0.363889 0.077778
157 0.338889 0.383333 0.347222 0.388889
307 0.446875 0.238333 0.240972 0.214444
292 0.432986 0.327222 0.357639 0.183333
149 0.275694 0.514444 0.252778 0.404444
186 0.239931 0.427222 0.271528 0.216667
193 0.265625 0.433889 0.189583 0.218889
251 0.508333 0.512778 0.226389 0.181111
152 0.487847 0.450556 0.206250 0.263333
182 0.610069 0.473333 0.197917 0.168889
215 0.467361 0.343889 0.258333 0.256667
54 0.346875 0.351667 0.186806 0.101111
314 0.180556 0.261667 0.245833 0.196667
32 0.428819 0.138889 0.070139 0.053333
1 0.665278 0.216667 1.000000 0.066667
144 0.445486 0.430556 0.181250 0.187778
119 0.184028 0.158333 0.277778 0.183333