4 0.260069 0.154444 0.411806 0.208889
197 0.447917 0.281667 0.225000 0.236667
302 0.433333 0.252778 0.231944 0.243333
232 0.187500 0.377222 0.237500 0.241111
153 0.606944 0.558889 0.347222 0.388889
128 0.109375 0.195556 0.170139 0.202222
297 0.282639 0.447778 0.294444 0.195556
286 0.696528 0.194444 0.456944 0.208889
216 0.278472 0.175556 0.166667 0.113333
274 0.547222 0.368889 0.254167 0.257778
78 0.141667 0.338333 0.147222 0.165556
243 0.488194 0.415000 0.263889 0.210000
165 0.545139 0.152222 0.205556 0.240000
24 0.075694 0.287778 0.097222 0.048889
81 0.514583 0.242778 0.163889 0.114444