84 0.311458 0.177222 0.150694 0.156667
267 0.268750 0.363889 0.233333 0.272222
34 0.281944 0.145556 0.097222 0.048889
195 0.481250 0.347222 0.218056 0.225556
80 0.121528 0.226111 0.177778 0.143333
122 0.227083 0.222778 0.229167 0.223333
248 0.531250 0.333889 0.240278 0.154444
147 0.288194 0.502222 0.334722 0.535556
155 0.569444 0.297778 0.347222 0.388889
120 0.316319 0.190556 0.159028 0.230000
138 0.428472 0.448889 0.254167 0.277778
156 0.430556 0.386667 0.347222 0.388889
45 0.246528 0.111667 0.276389 0.067778
290 0.500000 0.190000 0.400000 0.160000