56 0.550347 0.297778 0.236806 0.088889
60 0.198611 0.152222 0.201389 0.095556
205 0.503125 0.437778 0.209028 0.253333
175 0.134722 0.314444 0.097222 0.048889
298 0.296875 0.203889 0.418750 0.067778
32 0.409722 0.293889 0.123611 0.045556
94 0.523611 0.171667 0.222222 0.258889
0 0.922917 0.091111 1.000000 0.066667
261 0.243750 0.332778 0.240278 0.203333
284 0.282292 0.342778 0.479861 0.194444
174 0.088889 0.072222 0.097222 0.048889
3 0.740278 0.316667 1.000000 0.066667
151 0.560764 0.471667 0.259028 0.185556
238 0.331250 0.129444 0.241667 0.165556
10 0.346875 0.251667 0.484028 0.143333
127 0.261806 0.386667 0.266667 0.168889
285 0.377431 0.427222 0.382639 0.196667
143 0.245833 0.463333 0.204167 0.144444
250 0.296181 0.292222 0.179861 0.208889
302 0.418750 0.432778 0.238889 0.267778
277 0.436806 0.127778 0.368056 0.084444
184 0.165278 0.363889 0.230556 0.261111