243 0.357986 0.248333 0.222917 0.225556
236 0.417361 0.303333 0.173611 0.117778
116 0.304861 0.370000 0.200000 0.137778
279 0.591319 0.080000 0.350694 0.075556
103 0.481250 0.321667 0.179167 0.227778
45 0.396181 0.307222 0.246528 0.094444
95 0.400347 0.430556 0.202083 0.118889
5 0.333681 0.465556 0.490972 0.200000
217 0.503125 0.432778 0.185417 0.210000
148 0.531250 0.220000 0.277778 0.117778
111 0.557639 0.360000 0.191667 0.275556
34 0.113889 0.095556 0.097222 0.048889
50 0.386458 0.137222 0.221528 0.074444
126 0.553125 0.221667 0.186806 0.258889
139 0.135764 0.181667 0.160417 0.241111
172 0.280556 0.477778 0.215278 0.262222
13 0.247917 0.350000 0.344444 0.068889
66 0.307639 0.292222 0.222222 0.422222
1 0.539583 0.065556 1.000000 0.066667
234 0.152431 0.374444 0.161806 0.142222
284 0.273611 0.530000 0.397222 0.220000
120 0.297917 0.267778 0.206944 0.153333