100 0.206944 0.175000 0.144444 0.210000
92 0.297222 0.303889 0.204167 0.241111
97 0.571528 0.153333 0.159722 0.213333
247 0.503819 0.494444 0.265972 0.251111
217 0.226736 0.293333 0.217361 0.251111
15 0.156250 0.083333 0.097222 0.048889
118 0.295833 0.482222 0.195833 0.275556
30 0.102778 0.449444 0.080556 0.052222
197 0.147569 0.396667 0.211806 0.240000
166 0.504514 0.513333 0.159028 0.206667
57 0.293750 0.414444 0.231944 0.088889
301 0.404861 0.491111 0.262500 0.257778
46 0.290278 0.388889 0.273611 0.097778
43 0.138889 0.157778 0.243056 0.077778
227 0.212847 0.313333 0.197917 0.124444
219 0.413194 0.263333 0.097222 0.048889
124 0.452778 0.430000 0.240278 0.137778
174 0.318056 0.277778 0.097222 0.048889
16 0.529514 0.362222 0.509028 0.108889
50 0.413889 0.247222 0.261111 0.072222
59 0.560417 0.233889 0.200000 0.083333
214 0.179514 0.315556 0.181250 0.137778
186 0.587847 0.203333 0.232639 0.168889
200 0.140972 0.214444 0.097222 0.048889
158 0.543750 0.424444 0.347222 0.388889