110 0.331250 0.200000 0.202778 0.215556
279 0.253125 0.210556 0.361806 0.125556
165 0.150694 0.493333 0.194444 0.146667
85 0.559375 0.216111 0.185417 0.152222
216 0.491319 0.545556 0.245139 0.273333
148 0.532292 0.422222 0.159028 0.231111
86 0.227431 0.107222 0.227083 0.127778
295 0.534028 0.457222 0.545833 0.198889
22 0.463194 0.278889 0.033333 0.053333
141 0.463889 0.477222 0.262500 0.192222
30 0.285764 0.377222 0.093750 0.052222
11 0.577431 0.407778 0.384028 0.220000
24 0.081250 0.242222 0.097222 0.048889
297 0.614931 0.165000 0.318750 0.152222
73 0.521181 0.455556 0.207639 0.113333