56 0.381597 0.129444 0.175694 0.098889
194 0.548264 0.417778 0.164583 0.120000
121 0.461111 0.381111 0.215278 0.197778
32 0.357986 0.068889 0.072917 0.044444
203 0.484375 0.274444 0.163194 0.262222
177 0.608333 0.445000 0.212500 0.150000
123 0.444444 0.153889 0.268056 0.127778
48 0.632292 0.116667 0.270139 0.100000
289 0.438889 0.312778 0.533333 0.105556
276 0.377431 0.195000 0.317361 0.112222
202 0.260417 0.357222 0.195833 0.118889
141 0.399653 0.201111 0.234028 0.151111
122 0.253472 0.175000 0.201389 0.123333
152 0.346875 0.306111 0.260417 0.127778
154 0.420139 0.493333 0.347222 0.388889
119 0.356250 0.147222 0.240278 0.250000