100 0.456250 0.352222 0.219444 0.166667
271 0.507639 0.254444 0.186111 0.113333
161 0.177778 0.267778 0.190278 0.186667
261 0.185417 0.253889 0.251389 0.272222
234 0.498611 0.543333 0.177778 0.197778
60 0.157986 0.199444 0.240972 0.074444
196 0.456944 0.203333 0.265278 0.191111
309 0.214583 0.346667 0.161111 0.111111
304 0.216667 0.251111 0.191667 0.193333
10 0.616667 0.407222 0.484722 0.121111
266 0.413194 0.281667 0.183333 0.247778
260 0.268403 0.447222 0.274306 0.114444
111 0.599653 0.233889 0.181250 0.234444
23 0.322917 0.453333 0.033333 0.053333
55 0.290972 0.155000 0.201389 0.096667
277 0.610417 0.334444 0.306944 0.135556
255 0.150347 0.426111 0.243750 0.114444
152 0.561458 0.467778 0.272917 0.206667
221 0.504861 0.166111 0.222222 0.210000
315 0.353472 0.291667 0.262500 0.236667
74 0.309028 0.363333 0.486111 0.266667
175 0.326389 0.224444 0.097222 0.048889