0 0.633333 0.140000 1.000000 0.066667
276 0.477431 0.238333 0.540972 0.098889
27 0.183333 0.246667 0.097222 0.048889
153 0.229861 0.271111 0.347222 0.388889
254 0.532292 0.242778 0.163194 0.158889
66 0.506944 0.606667 0.222222 0.422222
285 0.455208 0.217778 0.502083 0.171111
62 0.183333 0.253333 0.243056 0.077778
118 0.439583 0.352778 0.248611 0.118889
192 0.167014 0.514444 0.221528 0.148889
128 0.251042 0.279444 0.267361 0.194444
77 0.402778 0.193333 0.486111 0.266667
78 0.517361 0.171111 0.276389 0.208889