247 0.491667 0.387222 0.233333 0.265556
242 0.479167 0.430000 0.161111 0.175556
214 0.345486 0.485000 0.172917 0.152222
86 0.469444 0.326111 0.143056 0.116667
134 0.357292 0.397222 0.164583 0.150000
291 0.361806 0.342778 0.466667 0.067778
268 0.209722 0.338333 0.244444 0.147778
24 0.312500 0.464444 0.097222 0.048889
169 0.336458 0.309444 0.277083 0.174444
312 0.307639 0.442222 0.223611 0.222222
113 0.579861 0.437778 0.273611 0.153333
33 0.368056 0.261111 0.097222 0.048889
205 0.321528 0.272222 0.252778 0.191111
160 0.536458 0.147778 0.225694 0.248889
313 0.308333 0.479444 0.270833 0.176667
147 0.436806 0.487778 0.334722 0.535556
296 0.493750 0.151667 0.359722 0.156667
235 0.470833 0.148333 0.215278 0.187778
240 0.468750 0.494444 0.234722 0.246667