177 0.465278 0.479444 0.234722 0.187778
142 0.296528 0.426111 0.255556 0.252222
187 0.226389 0.190000 0.212500 0.122222
184 0.395833 0.419444 0.237500 0.210000
69 0.471528 0.646667 0.222222 0.422222
94 0.587500 0.351111 0.148611 0.146667
227 0.502083 0.565556 0.269444 0.275556
106 0.576736 0.462778 0.202083 0.123333
30 0.325694 0.373889 0.083333 0.043333
269 0.427083 0.131667 0.141667 0.181111
275 0.247917 0.488889 0.320833 0.184444
206 0.266667 0.411111 0.243056 0.077778
40 0.470139 0.068889 0.243056 0.077778
278 0.613542 0.119444 0.506250 0.190000
181 0.634722 0.147778 0.255556 0.228889
312 0.470139 0.348889 0.175000 0.144444
204 0.534028 0.400556 0.194444 0.274444
0 0.634028 0.196667 1.000000 0.066667
24 0.154167 0.190000 0.097222 0.048889
29 0.100347 0.263333 0.081250 0.046667
313 0.143750 0.225556 0.223611 0.204444
17 0.339236 0.278889 0.352083 0.197778
208 0.547917 0.396111 0.170833 0.254444
255 0.251389 0.362222 0.194444 0.184444