142 0.467014 0.440556 0.185417 0.147778
248 0.126389 0.438333 0.150000 0.158889
238 0.316319 0.310000 0.263194 0.148889
25 0.429167 0.315556 0.097222 0.048889
130 0.376389 0.371667 0.190278 0.147778
204 0.451389 0.320000 0.158333 0.235556
172 0.368056 0.413889 0.259722 0.187778
134 0.384028 0.211111 0.211111 0.211111
108 0.348611 0.528889 0.158333 0.273333
161 0.582639 0.266111 0.266667 0.154444
32 0.193056 0.399444 0.119444 0.047778
81 0.250694 0.220000 0.161111 0.133333
205 0.173264 0.396667 0.242361 0.222222
27 0.488889 0.428889 0.097222 0.048889
97 0.354167 0.330556 0.159722 0.130000
222 0.350347 0.363333 0.215972 0.195556
10 0.329514 0.371111 0.457639 0.093333
40 0.188889 0.111111 0.243056 0.077778
216 0.540625 0.100000 0.165972 0.126667
76 0.700694 0.536667 0.486111 0.266667
275 0.573611 0.423333 0.280556 0.166667
49 0.560417 0.397778 0.258333 0.068889