36 0.346528 0.264444 0.243056 0.077778
153 0.463889 0.562222 0.347222 0.388889
0 0.561806 0.360000 1.000000 0.066667
269 0.544097 0.229444 0.277083 0.210000
103 0.546181 0.405556 0.182639 0.193333
38 0.179861 0.150000 0.243056 0.077778
78 0.609028 0.495556 0.230556 0.202222
150 0.430903 0.178889 0.199306 0.246667
145 0.360069 0.198333 0.246528 0.210000
62 0.221528 0.242222 0.243056 0.077778
214 0.305903 0.441111 0.254861 0.253333
112 0.364236 0.411667 0.246528 0.165556
140 0.268750 0.298333 0.250000 0.227778
265 0.537847 0.271667 0.246528 0.276667
213 0.224653 0.286111 0.170139 0.261111
302 0.273958 0.268333 0.160417 0.265556
186 0.564236 0.384444 0.171528 0.206667
237 0.180208 0.262222 0.147917 0.164444
26 0.536806 0.054444 0.097222 0.048889
107 0.240972 0.118333 0.223611 0.114444