59 0.546528 0.353333 0.248611 0.095556
120 0.168056 0.253333 0.251389 0.120000
217 0.411111 0.144444 0.143056 0.240000
99 0.332292 0.412778 0.242361 0.112222
195 0.256597 0.458889 0.207639 0.200000
3 0.791667 0.137778 1.000000 0.066667
165 0.282292 0.361111 0.192361 0.142222
296 0.546181 0.151111 0.281250 0.133333
94 0.259375 0.320000 0.159028 0.131111
79 0.129861 0.196667 0.161111 0.128889
36 0.220139 0.471111 0.243056 0.077778
156 0.293056 0.436667 0.347222 0.388889
186 0.469792 0.196111 0.267361 0.252222
80 0.184028 0.268889 0.201389 0.255556
237 0.293750 0.162222 0.161111 0.200000
202 0.259028 0.453889 0.152778 0.270000
62 0.295139 0.072222 0.243056 0.077778
113 0.551042 0.543333 0.256250 0.202222
131 0.361111 0.304444 0.162500 0.262222
33 0.275000 0.051111 0.097222 0.048889
265 0.395139 0.255000 0.175000 0.116667
21 0.118750 0.245556 0.097222 0.048889
167 0.540972 0.466111 0.168056 0.245556
313 0.216667 0.524444 0.148611 0.244444
264 0.523958 0.360556 0.265972 0.167778