300 0.503472 0.183333 0.486111 0.266667
120 0.223958 0.450556 0.277083 0.130000
233 0.311806 0.226667 0.152778 0.228889
189 0.194792 0.460556 0.220139 0.161111
106 0.368056 0.436667 0.148611 0.228889
114 0.333333 0.253889 0.173611 0.165556
36 0.265972 0.421111 0.243056 0.077778
57 0.243750 0.407778 0.218056 0.073333
313 0.103819 0.469444 0.140972 0.241111
293 0.317361 0.458333 0.523611 0.098889
203 0.160069 0.291111 0.253472 0.126667
121 0.395486 0.148889 0.206250 0.226667
180 0.303125 0.387778 0.197917 0.151111
60 0.208681 0.355556 0.272917 0.093333
244 0.209722 0.563333 0.198611 0.275556
268 0.182986 0.261667 0.271528 0.141111
171 0.377778 0.438333 0.143056 0.138889
276 0.197917 0.270000 0.347222 0.195556
229 0.452431 0.195000 0.257639 0.181111
219 0.448611 0.410000 0.097222 0.048889
102 0.520833 0.651111 0.444444 0.444444
235 0.278125 0.459444 0.235417 0.243333
67 0.359028 0.487778 0.222222 0.422222