120 0.172222 0.340000 0.187500 0.244444
129 0.572569 0.242222 0.165972 0.135556
101 0.511458 0.158889 0.218750 0.144444
298 0.700694 0.370000 0.533333 0.075556
266 0.230556 0.292222 0.200000 0.253333
220 0.356250 0.436667 0.176389 0.244444
137 0.379861 0.200000 0.268056 0.248889
187 0.571181 0.365556 0.242361 0.260000
103 0.418750 0.299444 0.230556 0.234444
109 0.587500 0.226111 0.175000 0.176667
84 0.526736 0.312778 0.206250 0.145556
203 0.408333 0.535556 0.255556 0.228889
211 0.340625 0.373333 0.206250 0.124444
123 0.319097 0.198333 0.163194 0.256667
244 0.252431 0.282778 0.159028 0.252222
189 0.576389 0.220000 0.205556 0.148889
124 0.150347 0.278333 0.236806 0.134444
114 0.242361 0.227778 0.151389 0.237778
270 0.594444 0.510000 0.212500 0.273333
232 0.326389 0.382222 0.247222 0.233333