286 0.365972 0.297222 0.506944 0.187778
117 0.223264 0.393333 0.188194 0.237778
35 0.335417 0.077778 0.097222 0.048889
136 0.535069 0.266111 0.171528 0.212222
111 0.415972 0.515000 0.258333 0.274444
86 0.567014 0.285556 0.245139 0.135556
305 0.343403 0.482222 0.214583 0.146667
124 0.134375 0.197222 0.152083 0.132222
142 0.296528 0.488889 0.261111 0.120000
49 0.310069 0.170000 0.210417 0.100000
242 0.306944 0.243889 0.206944 0.243333
41 0.380556 0.350000 0.243056 0.077778
53 0.609375 0.377778 0.222917 0.066667
71 0.569444 0.455000 0.236111 0.190000
291 0.184028 0.317222 0.302778 0.114444
209 0.536806 0.152222 0.233333 0.120000
261 0.565972 0.438333 0.258333 0.201111
87 0.490972 0.205556 0.231944 0.135556
59 0.431597 0.123889 0.182639 0.105556
134 0.437500 0.248889 0.184722 0.166667
188 0.466667 0.439444 0.197222 0.178889
107 0.160069 0.265556 0.147917 0.191111