261 0.223958 0.232222 0.193750 0.160000
249 0.148958 0.267778 0.220139 0.273333
149 0.194444 0.510000 0.252778 0.404444
282 0.541319 0.256667 0.422917 0.144444
177 0.348264 0.497778 0.197917 0.140000
3 0.849306 0.355556 1.000000 0.066667
134 0.458333 0.136111 0.233333 0.132222
115 0.556597 0.408333 0.217361 0.167778
126 0.285417 0.111667 0.204167 0.125556
138 0.425694 0.496667 0.166667 0.273333
75 0.330556 0.560000 0.486111 0.266667
240 0.596875 0.242778 0.239583 0.241111
192 0.388889 0.366111 0.270833 0.178889