290 0.517361 0.415556 0.436111 0.168889
206 0.468056 0.128889 0.243056 0.077778
314 0.480208 0.138889 0.159028 0.155556
103 0.328472 0.366667 0.194444 0.257778
267 0.440278 0.212778 0.181944 0.127778
144 0.571528 0.138333 0.172222 0.185556
132 0.435417 0.306667 0.161111 0.153333
200 0.086806 0.060000 0.097222 0.048889
220 0.627083 0.272778 0.247222 0.230000
238 0.183681 0.111667 0.139583 0.136667
8 0.321528 0.708889 0.173611 0.555556
83 0.171875 0.352222 0.188194 0.193333
261 0.126042 0.460000 0.140972 0.226667
215 0.260417 0.156111 0.202778 0.123333
60 0.511111 0.151111 0.197222 0.111111
113 0.423611 0.322222 0.222222 0.113333
248 0.346181 0.118333 0.215972 0.127778
149 0.401389 0.530000 0.252778 0.404444
15 0.359722 0.140000 0.097222 0.048889
154 0.293750 0.345556 0.347222 0.388889
63 0.384722 0.423333 0.222222 0.422222
302 0.360069 0.453889 0.189583 0.267778
65 0.137500 0.651111 0.222222 0.422222
269 0.323611 0.543333 0.163889 0.257778
222 0.188194 0.226667 0.180556 0.115556