135 0.181944 0.165556 0.226389 0.260000
184 0.328125 0.450556 0.211806 0.238889
35 0.438194 0.357778 0.097222 0.048889
309 0.320139 0.333889 0.152778 0.123333
123 0.453819 0.268333 0.234028 0.265556
174 0.243750 0.240000 0.097222 0.048889
272 0.626736 0.230556 0.234028 0.192222
78 0.532639 0.365556 0.238889 0.228889
231 0.294792 0.200556 0.159028 0.276667
293 0.458333 0.235556 0.338889 0.193333
86 0.440625 0.452222 0.139583 0.222222
145 0.513194 0.179444 0.247222 0.205556
10 0.625000 0.507222 0.448611 0.190000
125 0.456250 0.511111 0.251389 0.135556
250 0.250347 0.417778 0.178472 0.260000