296 0.756250 0.151111 0.501389 0.220000
206 0.307639 0.104444 0.243056 0.077778
15 0.393056 0.433333 0.097222 0.048889
23 0.373611 0.416667 0.033333 0.053333
66 0.503472 0.557778 0.222222 0.422222
176 0.433333 0.146667 0.193056 0.248889
12 0.440972 0.497222 0.337500 0.185556
313 0.536111 0.125556 0.259722 0.186667
86 0.291319 0.325000 0.159028 0.176667
134 0.544792 0.245556 0.239583 0.146667
190 0.343056 0.434444 0.250000 0.242222
136 0.580556 0.355000 0.198611 0.203333
272 0.310764 0.192222 0.170139 0.242222
151 0.462500 0.216667 0.169444 0.251111
312 0.170486 0.552222 0.249306 0.271111
99 0.378472 0.357778 0.166667 0.222222
123 0.524306 0.384444 0.237500 0.193333
236 0.284722 0.219444 0.261111 0.174444
163 0.347917 0.498889 0.245833 0.171111
316 0.114931 0.380556 0.159028 0.165556
155 0.520833 0.452222 0.347222 0.388889