100 0.203819 0.428889 0.181250 0.228889
175 0.301389 0.340000 0.097222 0.048889
48 0.282639 0.422778 0.186111 0.070000
243 0.304167 0.316667 0.158333 0.144444
124 0.410069 0.140000 0.210417 0.173333
108 0.526042 0.195000 0.275694 0.238889
79 0.127431 0.301111 0.174306 0.148889
29 0.410417 0.225000 0.104167 0.047778
103 0.146181 0.377778 0.174306 0.135556
312 0.248958 0.256667 0.250694 0.242222
226 0.464583 0.300000 0.097222 0.048889
215 0.505556 0.358889 0.212500 0.251111
259 0.396181 0.259444 0.179861 0.203333
135 0.217014 0.438889 0.170139 0.248889
210 0.229514 0.207222 0.274306 0.192222