146 0.600694 0.118333 0.179167 0.174444
60 0.526389 0.394444 0.251389 0.104444
204 0.146528 0.445556 0.231944 0.151111
316 0.435417 0.178889 0.191667 0.117778
134 0.232292 0.207222 0.147917 0.132222
276 0.694444 0.338333 0.434722 0.118889
294 0.752431 0.410556 0.534028 0.172222
18 0.613542 0.427778 0.324306 0.128889
124 0.459722 0.508333 0.198611 0.185556
115 0.595486 0.193889 0.209028 0.116667
165 0.578125 0.201667 0.142361 0.183333
48 0.487153 0.445556 0.185417 0.093333
33 0.277083 0.307778 0.097222 0.048889
62 0.391667 0.465556 0.243056 0.077778
4 0.294097 0.138889 0.531250 0.164444
246 0.496181 0.325000 0.265972 0.183333
238 0.323264 0.318333 0.167361 0.223333
309 0.245486 0.387222 0.164583 0.234444
92 0.182292 0.485000 0.160417 0.176667
119 0.127083 0.527778 0.183333 0.200000