301 0.441667 0.295000 0.205556 0.112222
63 0.615278 0.285556 0.222222 0.422222
139 0.519444 0.145556 0.269444 0.111111
249 0.153472 0.102222 0.140278 0.144444
292 0.314236 0.421111 0.443750 0.211111
232 0.464583 0.455556 0.169444 0.137778
1 0.946528 0.204444 1.000000 0.066667
171 0.326736 0.400000 0.178472 0.202222
79 0.487847 0.259444 0.231250 0.172222
30 0.131944 0.375000 0.112500 0.047778
199 0.255556 0.238889 0.194444 0.115556
25 0.125000 0.376667 0.097222 0.048889
54 0.217708 0.470556 0.234028 0.085556
94 0.271528 0.260556 0.272222 0.118889
15 0.413194 0.247778 0.097222 0.048889
293 0.696181 0.203889 0.525694 0.170000