86 0.501736 0.509444 0.217361 0.236667
159 0.577083 0.522778 0.277778 0.261111
196 0.614583 0.291111 0.236111 0.153333
263 0.420833 0.437778 0.163889 0.177778
213 0.217361 0.471667 0.236111 0.261111
180 0.166319 0.418333 0.202083 0.150000
32 0.464236 0.341111 0.078472 0.042222
69 0.381944 0.510000 0.222222 0.422222
247 0.185069 0.198333 0.206250 0.274444
11 0.296181 0.386667 0.350694 0.202222
274 0.491667 0.362778 0.263889 0.256667
162 0.542361 0.287778 0.208333 0.277778
130 0.604514 0.201667 0.184028 0.181111
71 0.475000 0.538333 0.250000 0.261111
144 0.222222 0.431667 0.187500 0.196667
281 0.624306 0.271667 0.355556 0.212222
216 0.475694 0.307778 0.175000 0.122222
182 0.281944 0.471667 0.259722 0.118889
119 0.529167 0.559444 0.216667 0.274444
153 0.601389 0.562222 0.347222 0.388889
145 0.352083 0.222778 0.155556 0.232222
254 0.133333 0.277222 0.184722 0.238889
3 0.959722 0.358889 1.000000 0.066667
60 0.400347 0.438333 0.182639 0.105556