164 0.339931 0.359444 0.179861 0.141111
289 0.680208 0.373333 0.438194 0.142222
55 0.302431 0.268333 0.242361 0.092222
221 0.272917 0.421111 0.159722 0.140000
234 0.525347 0.272222 0.174306 0.193333
215 0.411111 0.211667 0.248611 0.247778
138 0.492708 0.510556 0.168750 0.267778
102 0.327778 0.547778 0.444444 0.444444
228 0.611458 0.190556 0.257639 0.238889
145 0.595486 0.451667 0.214583 0.183333
237 0.123958 0.460556 0.168750 0.178889
233 0.450694 0.132222 0.252778 0.113333
269 0.193403 0.355000 0.145139 0.152222
146 0.341319 0.191111 0.274306 0.204444
229 0.198611 0.271667 0.269444 0.252222
117 0.278125 0.427778 0.186806 0.244444
42 0.395833 0.205556 0.243056 0.077778
183 0.260069 0.210556 0.256250 0.272222
217 0.218056 0.336667 0.173611 0.191111