271 0.559375 0.516111 0.270139 0.178889
4 0.632292 0.081111 0.313194 0.066667
16 0.390972 0.388889 0.301389 0.131111
80 0.443056 0.422778 0.248611 0.214444
38 0.143056 0.330000 0.243056 0.077778
146 0.400347 0.121111 0.254861 0.195556
93 0.194097 0.579444 0.140972 0.276667
253 0.431250 0.487778 0.183333 0.142222
184 0.356597 0.084444 0.185417 0.122222
53 0.357639 0.147778 0.193056 0.106667
171 0.259375 0.298889 0.250694 0.253333
202 0.321875 0.115556 0.175694 0.148889
290 0.420139 0.435556 0.401389 0.144444
188 0.494444 0.283889 0.208333 0.227778
156 0.531250 0.268889 0.347222 0.388889
267 0.327431 0.171667 0.200694 0.214444
174 0.078472 0.340000 0.097222 0.048889
250 0.326389 0.293889 0.233333 0.256667
210 0.209028 0.141111 0.247222 0.115556
67 0.314583 0.522222 0.222222 0.422222
296 0.551042 0.300000 0.318750 0.082222
309 0.579861 0.526667 0.162500 0.184444
273 0.631944 0.187778 0.243056 0.237778
83 0.414236 0.540000 0.196528 0.217778
259 0.364931 0.427222 0.259028 0.167778