164 0.222222 0.165000 0.270833 0.263333
78 0.169097 0.388889 0.240972 0.117778
141 0.319444 0.205000 0.251389 0.216667
33 0.111806 0.396667 0.097222 0.048889
202 0.488194 0.347778 0.183333 0.255556
262 0.133333 0.297222 0.155556 0.174444
264 0.153819 0.463889 0.185417 0.214444
133 0.231250 0.365000 0.250000 0.132222
192 0.569444 0.373889 0.159722 0.243333
316 0.118056 0.242778 0.206944 0.141111
305 0.528819 0.393889 0.167361 0.223333
196 0.344792 0.394444 0.213194 0.235556
3 0.574306 0.146667 1.000000 0.066667
276 0.594097 0.464444 0.368750 0.162222
23 0.273611 0.080000 0.033333 0.053333