76 0.751389 0.433333 0.486111 0.266667
249 0.573611 0.335000 0.151389 0.258889
110 0.332639 0.428333 0.191667 0.152222
16 0.583681 0.406667 0.522917 0.202222
172 0.318403 0.441667 0.234028 0.221111
7 0.271528 0.633333 0.173611 0.555556
189 0.247917 0.198333 0.255556 0.190000
219 0.313889 0.057778 0.097222 0.048889
138 0.279514 0.458889 0.210417 0.211111
303 0.203819 0.527222 0.270139 0.272222
192 0.518750 0.252778 0.205556 0.272222
114 0.553125 0.386111 0.236806 0.121111
136 0.412500 0.169444 0.145833 0.130000
21 0.352778 0.147778 0.097222 0.048889
116 0.203819 0.254444 0.267361 0.213333