244 0.240625 0.214444 0.229861 0.202222
48 0.272222 0.234444 0.173611 0.073333
78 0.162153 0.118889 0.232639 0.142222
2 0.651389 0.398889 1.000000 0.066667
5 0.653125 0.231667 0.459028 0.087778
96 0.379167 0.296667 0.181944 0.193333
122 0.300694 0.297222 0.225000 0.145556
180 0.575694 0.241667 0.211111 0.152222
76 0.734028 0.540000 0.486111 0.266667
248 0.471528 0.257222 0.277778 0.187778
121 0.171875 0.497222 0.245139 0.207778
32 0.340625 0.381111 0.107639 0.048889
4 0.273958 0.263333 0.438194 0.188889
70 0.216319 0.208889 0.197917 0.248889
50 0.443403 0.154444 0.214583 0.097778