19 0.480556 0.082222 0.097222 0.048889
28 0.509028 0.066667 0.243056 0.077778
247 0.231250 0.413333 0.223611 0.271111
60 0.580903 0.391111 0.222917 0.073333
99 0.343056 0.141667 0.198611 0.203333
27 0.538194 0.423333 0.097222 0.048889
1 0.969444 0.198889 1.000000 0.066667
231 0.255208 0.312222 0.260417 0.248889
273 0.597917 0.292222 0.175000 0.126667
21 0.326389 0.221111 0.097222 0.048889
248 0.453125 0.483889 0.174306 0.267778
98 0.202778 0.355556 0.168056 0.215556
77 0.629167 0.251111 0.486111 0.266667
285 0.302778 0.181111 0.462500 0.066667
158 0.477778 0.364444 0.347222 0.388889
157 0.436111 0.373333 0.347222 0.388889
15 0.220833 0.468889 0.097222 0.048889
221 0.317014 0.197778 0.267361 0.146667