177 0.177431 0.350000 0.243750 0.220000
287 0.322917 0.411667 0.404167 0.121111
304 0.571181 0.472778 0.143750 0.178889
270 0.200347 0.261667 0.203472 0.150000
0 0.529861 0.146667 1.000000 0.066667
26 0.253472 0.150000 0.097222 0.048889
274 0.386111 0.398889 0.190278 0.277778
24 0.188194 0.334444 0.097222 0.048889
31 0.213194 0.346111 0.098611 0.041111
228 0.554167 0.477222 0.265278 0.218889
33 0.072222 0.137778 0.097222 0.048889
230 0.217361 0.587778 0.222222 0.422222
245 0.232292 0.408333 0.204861 0.121111
172 0.586458 0.448889 0.172917 0.122222
48 0.619444 0.140000 0.251389 0.097778
210 0.124306 0.517222 0.151389 0.194444
278 0.640278 0.142222 0.463889 0.111111
97 0.271528 0.312778 0.150000 0.265556
219 0.556944 0.354444 0.097222 0.048889
255 0.263542 0.187222 0.245139 0.161111
312 0.311458 0.490000 0.202083 0.273333
256 0.464931 0.460556 0.259028 0.127778
264 0.557292 0.507778 0.215972 0.268889
186 0.386806 0.237222 0.165278 0.241111
119 0.235764 0.178889 0.260417 0.235556