261 0.272222 0.280000 0.150000 0.235556
9 0.472222 0.361111 0.173611 0.555556
30 0.288542 0.410000 0.070139 0.046667
270 0.126736 0.416667 0.147917 0.115556
165 0.560069 0.197222 0.167361 0.238889
233 0.232639 0.252222 0.244444 0.111111
151 0.560764 0.186111 0.210417 0.174444
303 0.471528 0.438889 0.148611 0.262222
185 0.584722 0.431667 0.147222 0.118889
172 0.142361 0.309444 0.163889 0.274444
153 0.595833 0.372222 0.347222 0.388889
131 0.432292 0.291111 0.165972 0.135556
62 0.275694 0.360000 0.243056 0.077778
79 0.137500 0.202222 0.168056 0.144444
144 0.345833 0.267778 0.168056 0.122222
306 0.267014 0.349444 0.263194 0.156667
250 0.240972 0.181111 0.151389 0.160000
288 0.227778 0.269444 0.401389 0.134444
136 0.177778 0.295556 0.197222 0.275556
249 0.317708 0.523889 0.181250 0.207778
213 0.484028 0.406111 0.165278 0.145556
130 0.430903 0.277778 0.271528 0.142222