222 0.279861 0.415556 0.175000 0.251111
205 0.587847 0.526667 0.257639 0.262222
75 0.311111 0.204444 0.486111 0.266667
112 0.125694 0.502222 0.187500 0.148889
224 0.179514 0.497778 0.240972 0.126667
214 0.596181 0.343889 0.217361 0.243333
81 0.462500 0.422222 0.197222 0.166667
34 0.534028 0.280000 0.097222 0.048889
281 0.446181 0.134444 0.334028 0.168889
16 0.284375 0.320000 0.327083 0.111111
122 0.187847 0.369444 0.203472 0.134444
178 0.117361 0.390000 0.155556 0.277778
104 0.432639 0.138889 0.143056 0.122222
315 0.263194 0.470000 0.200000 0.264444
83 0.153819 0.205000 0.157639 0.187778
3 0.644444 0.218889 1.000000 0.066667
60 0.232986 0.161111 0.192361 0.104444
132 0.308333 0.459444 0.151389 0.247778
11 0.644097 0.445000 0.445139 0.098889
189 0.566667 0.392222 0.227778 0.208889
89 0.404861 0.374444 0.194444 0.186667
174 0.261806 0.462222 0.097222 0.048889
119 0.360069 0.352778 0.190972 0.232222