152 0.395139 0.256667 0.198611 0.262222
25 0.471528 0.271111 0.097222 0.048889
99 0.234375 0.298333 0.220139 0.245556
275 0.335764 0.249444 0.438194 0.087778
259 0.437153 0.387222 0.264583 0.130000
86 0.335069 0.444444 0.179861 0.202222
81 0.422222 0.345000 0.211111 0.258889
121 0.190972 0.143333 0.166667 0.115556
134 0.362153 0.562222 0.190972 0.251111
75 0.530556 0.296667 0.486111 0.266667
72 0.226736 0.221667 0.153472 0.205556
79 0.250347 0.422222 0.253472 0.248889
26 0.168750 0.390000 0.097222 0.048889
158 0.332639 0.547778 0.347222 0.388889
89 0.151389 0.522778 0.151389 0.276667
189 0.217014 0.182222 0.196528 0.242222
125 0.437153 0.175000 0.143750 0.156667
287 0.690278 0.351667 0.493056 0.152222
101 0.477778 0.103333 0.245833 0.122222
170 0.454514 0.508333 0.239583 0.205556
58 0.215625 0.255000 0.259028 0.076667
88 0.182986 0.573889 0.236806 0.267778