150 0.210069 0.408333 0.213194 0.187778
148 0.535764 0.318333 0.275694 0.123333
147 0.565972 0.545556 0.334722 0.535556
33 0.314583 0.056667 0.097222 0.048889
59 0.251042 0.227222 0.272917 0.072222
146 0.371528 0.216667 0.238889 0.146667
185 0.460764 0.363889 0.146528 0.207778
101 0.431250 0.341667 0.233333 0.167778
238 0.255556 0.370000 0.209722 0.186667
283 0.622917 0.422222 0.400000 0.182222
191 0.620486 0.229444 0.238194 0.201111
31 0.158681 0.335000 0.095139 0.052222
94 0.338542 0.153333 0.154861 0.122222
183 0.336806 0.175556 0.143056 0.120000
71 0.522917 0.418333 0.236111 0.158889
156 0.352778 0.298889 0.347222 0.388889
6 0.627778 0.137778 0.401389 0.144444
98 0.575000 0.269444 0.262500 0.178889
27 0.240972 0.410000 0.097222 0.048889
131 0.116319 0.085000 0.195139 0.116667
104 0.364931 0.360000 0.238194 0.224444
220 0.594097 0.142778 0.210417 0.167778
122 0.235417 0.277778 0.222222 0.226667