177 0.184028 0.138889 0.170833 0.133333
146 0.514931 0.180000 0.195139 0.128889
132 0.371875 0.404444 0.243750 0.202222
72 0.523611 0.357778 0.240278 0.188889
20 0.424306 0.193333 0.097222 0.048889
266 0.146181 0.400000 0.142361 0.166667
67 0.140278 0.434444 0.222222 0.422222
285 0.567361 0.333333 0.473611 0.177778
199 0.488194 0.265556 0.169444 0.186667
275 0.331597 0.388333 0.415972 0.090000
287 0.380903 0.347778 0.336806 0.213333
262 0.571875 0.219444 0.174306 0.250000
166 0.149653 0.225000 0.182639 0.203333
215 0.558333 0.186667 0.173611 0.244444
302 0.544792 0.475000 0.220139 0.114444
96 0.235764 0.379444 0.235417 0.130000
129 0.492014 0.277778 0.243750 0.260000
0 0.549306 0.303333 1.000000 0.066667
106 0.302083 0.477222 0.138889 0.167778
156 0.613194 0.551111 0.347222 0.388889
212 0.473264 0.527778 0.202083 0.173333
8 0.186111 0.576667 0.173611 0.555556