30 0.458681 0.433889 0.071528 0.052222
75 0.542361 0.575556 0.486111 0.266667
191 0.150347 0.418889 0.172917 0.162222
210 0.502778 0.278889 0.200000 0.191111
242 0.230903 0.295556 0.263194 0.228889
184 0.096875 0.414444 0.146528 0.262222
270 0.226736 0.408889 0.186806 0.142222
163 0.307986 0.525000 0.202083 0.236667
236 0.535764 0.301667 0.263194 0.198889
57 0.520139 0.323889 0.256944 0.096667
172 0.361111 0.512222 0.261111 0.264444
53 0.338542 0.267222 0.268750 0.067778
266 0.456597 0.408889 0.264583 0.115556
46 0.327431 0.129444 0.185417 0.074444
257 0.240278 0.143333 0.251389 0.188889
41 0.262500 0.280000 0.243056 0.077778
86 0.323611 0.356111 0.269444 0.250000
208 0.384722 0.322222 0.276389 0.277778
8 0.483333 0.538889 0.173611 0.555556
120 0.323611 0.330000 0.148611 0.273333
272 0.460417 0.151667 0.145833 0.214444
155 0.315278 0.582222 0.347222 0.388889
279 0.339583 0.173333 0.400000 0.124444
66 0.293750 0.543333 0.222222 0.422222