207 0.599306 0.311111 0.222222 0.422222
305 0.597917 0.331667 0.205556 0.150000
187 0.481597 0.119444 0.197917 0.183333
50 0.565625 0.253889 0.274306 0.094444
104 0.318056 0.303333 0.183333 0.182222
36 0.316667 0.090000 0.243056 0.077778
273 0.172569 0.408889 0.171528 0.193333
55 0.449653 0.462222 0.188194 0.086667
128 0.211806 0.479444 0.226389 0.258889
2 0.953472 0.114444 1.000000 0.066667
170 0.404167 0.123333 0.181944 0.144444
89 0.532639 0.440000 0.251389 0.140000
74 0.595139 0.271111 0.486111 0.266667
183 0.448611 0.286667 0.240278 0.155556
250 0.346528 0.255000 0.250000 0.192222
284 0.328125 0.486667 0.404861 0.188889
156 0.356250 0.536667 0.347222 0.388889
91 0.562847 0.491667 0.196528 0.223333