5 0.668750 0.361111 0.554167 0.102222
63 0.379861 0.510000 0.222222 0.422222
45 0.166667 0.226667 0.258333 0.097778
95 0.445139 0.133889 0.229167 0.138889
302 0.221181 0.182778 0.263194 0.158889
77 0.282639 0.210000 0.486111 0.266667
13 0.372222 0.090000 0.338889 0.100000
311 0.206944 0.269444 0.173611 0.212222
269 0.451736 0.250000 0.160417 0.244444
49 0.390278 0.210556 0.270833 0.083333
168 0.220486 0.275556 0.172917 0.211111
307 0.410417 0.495000 0.259722 0.265556
174 0.556250 0.053333 0.097222 0.048889
129 0.392014 0.423333 0.243750 0.262222
25 0.249306 0.310000 0.097222 0.048889
267 0.231597 0.421667 0.263194 0.192222
80 0.180556 0.307222 0.241667 0.121111
20 0.154167 0.405556 0.097222 0.048889
82 0.575000 0.338333 0.176389 0.172222