159 0.409722 0.158333 0.143056 0.143333
142 0.598611 0.424444 0.245833 0.202222
57 0.535417 0.168889 0.237500 0.082222
92 0.584722 0.292222 0.220833 0.235556
45 0.352778 0.396667 0.276389 0.104444
111 0.337500 0.493889 0.204167 0.150000
222 0.336111 0.218333 0.145833 0.225556
205 0.247222 0.419444 0.156944 0.265556
5 0.342014 0.257222 0.509028 0.132222
281 0.726389 0.167222 0.429167 0.212222
171 0.252083 0.294444 0.265278 0.177778
316 0.160069 0.143889 0.259028 0.163333
46 0.122222 0.225000 0.213889 0.101111
279 0.454514 0.293333 0.499306 0.075556
51 0.362500 0.432778 0.208333 0.107778
43 0.561111 0.380000 0.243056 0.077778
270 0.454514 0.221667 0.218750 0.263333
24 0.252778 0.070000 0.097222 0.048889
184 0.375694 0.168333 0.270833 0.272222
303 0.538194 0.526111 0.259722 0.201111
266 0.395486 0.340556 0.229861 0.272222