315 0.367014 0.458889 0.239583 0.171111
212 0.345486 0.241667 0.228472 0.183333
50 0.186458 0.342222 0.214583 0.084444
316 0.244444 0.162222 0.272222 0.195556
123 0.300000 0.428889 0.176389 0.140000
236 0.502778 0.166667 0.270833 0.137778
307 0.162847 0.447778 0.154861 0.248889
34 0.165972 0.125556 0.097222 0.048889
48 0.257986 0.480556 0.275694 0.092222
276 0.408333 0.158889 0.316667 0.097778
306 0.197222 0.204444 0.236111 0.113333
283 0.567708 0.412778 0.513194 0.136667
183 0.583681 0.181111 0.247917 0.208889
255 0.252778 0.321667 0.265278 0.232222