152 0.150694 0.399444 0.162500 0.261111
86 0.380903 0.333889 0.260417 0.238889
5 0.370486 0.395000 0.382639 0.136667
240 0.539931 0.194444 0.178472 0.217778
116 0.500347 0.297222 0.185417 0.123333
161 0.295833 0.428333 0.151389 0.241111
71 0.242014 0.532778 0.175694 0.254444
101 0.154167 0.446667 0.197222 0.137778
183 0.610069 0.295556 0.263194 0.151111
283 0.516667 0.434444 0.386111 0.206667
165 0.239931 0.445556 0.277083 0.184444
258 0.477431 0.115000 0.140972 0.181111
96 0.357639 0.228333 0.147222 0.230000
2 0.685417 0.106667 1.000000 0.066667
51 0.249653 0.221667 0.271528 0.070000
291 0.688194 0.205556 0.370833 0.102222
53 0.518750 0.301111 0.219444 0.068889
7 0.581944 0.358889 0.173611 0.555556
276 0.593403 0.466111 0.290972 0.178889
10 0.368056 0.386111 0.412500 0.083333
93 0.225694 0.197222 0.220833 0.245556
72 0.574653 0.243333 0.174306 0.148889