315 0.490278 0.472778 0.147222 0.205556
10 0.567708 0.384444 0.459028 0.142222
311 0.246181 0.505000 0.146528 0.212222
254 0.506250 0.524444 0.259722 0.235556
157 0.513889 0.564444 0.347222 0.388889
291 0.603819 0.221667 0.403472 0.212222
69 0.393056 0.476667 0.222222 0.422222
26 0.300000 0.368889 0.097222 0.048889
197 0.562847 0.152778 0.179861 0.143333
5 0.357292 0.202222 0.470139 0.191111
246 0.581250 0.287778 0.193056 0.151111
79 0.582986 0.318889 0.235417 0.117778
249 0.551042 0.442222 0.217361 0.257778
271 0.562153 0.203889 0.209028 0.250000
28 0.475694 0.146667 0.243056 0.077778
149 0.159028 0.410000 0.252778 0.404444
65 0.144444 0.648889 0.222222 0.422222
101 0.368056 0.431667 0.231944 0.190000