98 0.296875 0.241111 0.263194 0.248889
270 0.307292 0.161667 0.246528 0.181111
247 0.354861 0.148889 0.222222 0.137778
41 0.534722 0.285556 0.243056 0.077778
252 0.435764 0.451111 0.268750 0.222222
115 0.261458 0.283889 0.277083 0.125556
242 0.415972 0.251111 0.177778 0.233333
286 0.675000 0.228889 0.356944 0.197778
77 0.415972 0.163333 0.486111 0.266667
212 0.371528 0.300000 0.143056 0.275556
139 0.561111 0.248333 0.231944 0.156667
15 0.204167 0.422222 0.097222 0.048889
236 0.128472 0.225556 0.180556 0.206667
220 0.315625 0.197778 0.178472 0.133333
164 0.239583 0.305556 0.223611 0.257778
132 0.511806 0.205556 0.212500 0.173333
308 0.305556 0.485000 0.147222 0.198889
181 0.516667 0.162222 0.209722 0.182222
146 0.476042 0.258333 0.259028 0.163333
81 0.494444 0.193889 0.218056 0.165556
137 0.548958 0.489444 0.202083 0.192222
122 0.517708 0.550556 0.242361 0.270000
248 0.194444 0.220556 0.223611 0.132222
33 0.113889 0.104444 0.097222 0.048889
149 0.566667 0.231111 0.252778 0.404444