173 0.333333 0.310000 0.097222 0.048889
47 0.285764 0.142778 0.200694 0.090000
9 0.200694 0.413333 0.173611 0.555556
174 0.092361 0.370000 0.097222 0.048889
313 0.585417 0.188333 0.209722 0.243333
63 0.452083 0.375556 0.222222 0.422222
178 0.416319 0.493889 0.263194 0.172222
19 0.179861 0.387778 0.097222 0.048889
235 0.399306 0.251111 0.168056 0.142222
163 0.602083 0.345556 0.177778 0.137778
170 0.270139 0.388333 0.193056 0.225556
297 0.495486 0.403889 0.549306 0.110000
101 0.608333 0.156667 0.237500 0.177778
208 0.333681 0.502222 0.243750 0.217778
97 0.488542 0.473889 0.149306 0.196667
53 0.534028 0.229444 0.243056 0.074444
81 0.587500 0.238333 0.166667 0.178889
123 0.352778 0.273333 0.275000 0.202222
287 0.306250 0.496111 0.527778 0.190000
159 0.209028 0.257778 0.233333 0.202222
306 0.188194 0.502222 0.200000 0.231111
151 0.420486 0.335000 0.264583 0.258889
154 0.595833 0.621111 0.347222 0.388889
198 0.201042 0.304444 0.271528 0.242222
260 0.345139 0.381667 0.161111 0.227778