304 0.516319 0.251667 0.271528 0.232222
74 0.739583 0.451111 0.486111 0.266667
302 0.169792 0.273889 0.217361 0.218889
207 0.222222 0.582222 0.222222 0.422222
230 0.363194 0.252222 0.222222 0.422222
156 0.685417 0.502222 0.347222 0.388889
289 0.614236 0.143333 0.514583 0.075556
83 0.576736 0.191111 0.222917 0.204444
195 0.442014 0.409444 0.184028 0.254444
253 0.506597 0.360556 0.178472 0.161111
91 0.501736 0.162778 0.152083 0.143333
162 0.419444 0.454444 0.265278 0.122222
226 0.446528 0.222222 0.097222 0.048889
28 0.432639 0.063333 0.243056 0.077778
64 0.333333 0.321111 0.222222 0.422222
229 0.417708 0.304444 0.140972 0.111111
113 0.512847 0.155000 0.236806 0.147778
100 0.456250 0.543889 0.197222 0.267778
51 0.447222 0.072778 0.244444 0.070000
7 0.438889 0.580000 0.173611 0.555556
185 0.193403 0.396111 0.236806 0.167778
133 0.385417 0.153333 0.145833 0.200000
71 0.378472 0.501667 0.180556 0.170000