117 0.184722 0.210000 0.247222 0.173333
30 0.235417 0.273889 0.095833 0.052222
178 0.554167 0.483889 0.165278 0.201111
7 0.320833 0.467778 0.173611 0.555556
152 0.314931 0.312778 0.253472 0.250000
133 0.377778 0.543333 0.206944 0.273333
223 0.430208 0.237778 0.146528 0.251111
221 0.373611 0.115556 0.266667 0.155556
100 0.516667 0.346667 0.161111 0.228889
233 0.396528 0.202778 0.177778 0.214444
232 0.280556 0.412778 0.258333 0.245556
300 0.647222 0.192222 0.486111 0.266667
88 0.159722 0.455000 0.186111 0.114444
17 0.517708 0.175000 0.350694 0.114444
218 0.528819 0.383333 0.238194 0.151111
247 0.613194 0.533333 0.233333 0.211111
279 0.417014 0.307778 0.285417 0.182222
267 0.572222 0.437222 0.215278 0.154444