253 0.369444 0.276667 0.140278 0.113333
315 0.371181 0.524444 0.161806 0.226667
24 0.445833 0.373333 0.097222 0.048889
75 0.506944 0.324444 0.486111 0.266667
104 0.514583 0.226667 0.254167 0.228889
117 0.571181 0.097778 0.213194 0.135556
243 0.346875 0.267778 0.213194 0.266667
137 0.266667 0.286111 0.166667 0.161111
296 0.549306 0.397222 0.486111 0.116667
229 0.570833 0.413333 0.212500 0.215556
86 0.300347 0.322222 0.209028 0.142222
69 0.535417 0.371111 0.222222 0.422222
203 0.453472 0.418333 0.190278 0.114444
254 0.151389 0.373889 0.156944 0.136667
268 0.187153 0.362778 0.257639 0.207778
60 0.418403 0.324444 0.277083 0.084444
146 0.537847 0.216667 0.152083 0.140000
306 0.389583 0.195556 0.254167 0.131111
256 0.307986 0.169444 0.140972 0.147778
281 0.508681 0.457778 0.479861 0.066667
133 0.182292 0.270556 0.164583 0.163333
167 0.223958 0.560000 0.245139 0.244444
70 0.539236 0.117222 0.234028 0.136667