42 0.500694 0.452222 0.243056 0.077778
11 0.544444 0.293333 0.287500 0.208889
110 0.424653 0.213333 0.196528 0.184444
132 0.409722 0.313333 0.213889 0.244444
20 0.431250 0.122222 0.097222 0.048889
54 0.534028 0.294444 0.177778 0.071111
178 0.410764 0.527778 0.268750 0.264444
251 0.559375 0.239444 0.256250 0.178889
51 0.300347 0.470000 0.215972 0.068889
98 0.413889 0.539444 0.212500 0.225556
10 0.362847 0.443333 0.443750 0.108889
255 0.320833 0.177222 0.156944 0.216667
273 0.448264 0.107222 0.179861 0.161111
5 0.293403 0.153889 0.317361 0.203333
226 0.558333 0.081111 0.097222 0.048889
262 0.283681 0.495556 0.156250 0.148889
179 0.209722 0.123333 0.162500 0.186667
88 0.332986 0.220556 0.190972 0.227778