305 0.301736 0.352222 0.277083 0.220000
207 0.593056 0.391111 0.222222 0.422222
93 0.137500 0.191667 0.201389 0.185556
60 0.196528 0.362222 0.227778 0.068889
284 0.501042 0.471667 0.303472 0.067778
135 0.279167 0.163889 0.140278 0.127778
281 0.440625 0.191111 0.286806 0.128889
272 0.384375 0.444444 0.252083 0.188889
266 0.251736 0.370556 0.184028 0.245556
259 0.346528 0.156667 0.177778 0.131111
74 0.497222 0.493333 0.486111 0.266667
55 0.287847 0.294444 0.272917 0.106667
88 0.397917 0.510556 0.206944 0.247778
90 0.682639 0.422222 0.444444 0.444444