108 0.263542 0.376667 0.272917 0.160000
131 0.231944 0.423889 0.243056 0.174444
56 0.334375 0.264444 0.249306 0.071111
308 0.197569 0.271111 0.157639 0.235556
128 0.307639 0.541667 0.204167 0.238889
300 0.511111 0.480000 0.486111 0.266667
266 0.316667 0.305000 0.229167 0.247778
142 0.135069 0.323333 0.189583 0.253333
160 0.146528 0.371667 0.225000 0.247778
38 0.440278 0.145556 0.243056 0.077778
59 0.240972 0.074444 0.261111 0.093333
120 0.516319 0.186667 0.146528 0.160000
54 0.238542 0.088889 0.227083 0.106667
42 0.325000 0.186667 0.243056 0.077778
212 0.130556 0.290000 0.168056 0.228889
216 0.568750 0.351111 0.152778 0.126667