112 0.639583 0.525556 0.261111 0.233333
308 0.276736 0.519444 0.257639 0.165556
168 0.325347 0.147778 0.253472 0.131111
229 0.568056 0.304444 0.226389 0.224444
99 0.274306 0.552778 0.191667 0.261111
186 0.321528 0.148889 0.230556 0.228889
253 0.588889 0.515000 0.266667 0.163333
191 0.222917 0.240556 0.165278 0.218889
128 0.292014 0.346667 0.224306 0.186667
213 0.584028 0.320556 0.177778 0.150000
151 0.557292 0.507222 0.242361 0.232222
40 0.446528 0.168889 0.243056 0.077778
143 0.514236 0.482222 0.160417 0.222222
53 0.200694 0.144444 0.195833 0.102222
26 0.109722 0.198889 0.097222 0.048889
91 0.275000 0.301667 0.230556 0.127778