85 0.546528 0.430556 0.250000 0.225556
160 0.613542 0.167778 0.225694 0.215556
19 0.279167 0.465556 0.097222 0.048889
134 0.573611 0.471111 0.179167 0.155556
220 0.595486 0.502778 0.171528 0.214444
285 0.730208 0.367222 0.492361 0.190000
211 0.265625 0.212778 0.172917 0.132222
209 0.613542 0.244444 0.229861 0.204444
77 0.599306 0.513333 0.486111 0.266667
261 0.177083 0.369444 0.165278 0.254444
253 0.461111 0.426111 0.230556 0.161111
313 0.143403 0.492222 0.231250 0.226667
195 0.457986 0.296111 0.236806 0.114444
37 0.169444 0.094444 0.243056 0.077778