194 0.484028 0.255556 0.197222 0.220000
311 0.200000 0.238333 0.190278 0.198889
17 0.635069 0.276111 0.404861 0.178889
220 0.313889 0.269444 0.194444 0.212222
241 0.410764 0.450000 0.254861 0.115556
296 0.364236 0.453889 0.452083 0.201111
291 0.429514 0.159444 0.452083 0.158889
242 0.568403 0.167222 0.185417 0.185556
22 0.136806 0.258889 0.033333 0.053333
89 0.478125 0.382778 0.161806 0.258889
223 0.382986 0.160556 0.199306 0.198889
98 0.146181 0.372778 0.209028 0.147778
13 0.470139 0.196111 0.345833 0.136667
269 0.448958 0.270000 0.174306 0.117778
73 0.439236 0.150000 0.239583 0.131111
59 0.357292 0.437222 0.252083 0.087778
115 0.194792 0.192778 0.220139 0.183333
32 0.415278 0.106111 0.095833 0.045556
121 0.449306 0.455556 0.234722 0.260000
219 0.178472 0.456667 0.097222 0.048889
233 0.423611 0.429444 0.233333 0.196667
117 0.252431 0.274444 0.161806 0.157778
168 0.145139 0.401667 0.252778 0.214444