304 0.311111 0.421667 0.181944 0.243333
126 0.415278 0.460556 0.166667 0.154444
299 0.560764 0.260000 0.224306 0.277778
236 0.279514 0.158889 0.277083 0.148889
75 0.568056 0.168889 0.486111 0.266667
301 0.498264 0.207222 0.149306 0.141111
138 0.346528 0.373333 0.186111 0.268889
283 0.416319 0.255556 0.550694 0.211111
266 0.262847 0.291111 0.184028 0.140000
50 0.467014 0.142778 0.242361 0.092222
171 0.435417 0.452222 0.162500 0.264444
295 0.628819 0.287222 0.295139 0.072222
8 0.393056 0.430000 0.173611 0.555556
114 0.536111 0.336667 0.155556 0.228889
274 0.408333 0.286667 0.188889 0.168889
267 0.197222 0.300000 0.231944 0.208889