268 0.204514 0.168889 0.242361 0.220000
124 0.629167 0.386111 0.251389 0.241111
196 0.451042 0.220556 0.160417 0.247778
127 0.452431 0.478333 0.211806 0.156667
289 0.641319 0.082778 0.459028 0.076667
81 0.565972 0.436111 0.243056 0.165556
155 0.443056 0.315556 0.347222 0.388889
177 0.565625 0.495000 0.236806 0.234444
301 0.453125 0.460000 0.193750 0.124444
2 0.830556 0.182222 1.000000 0.066667
161 0.460417 0.466111 0.150000 0.187778
265 0.332292 0.338333 0.181250 0.234444
118 0.502778 0.468889 0.252778 0.244444
73 0.517361 0.224444 0.173611 0.211111
148 0.229167 0.392778 0.258333 0.258889
310 0.279167 0.363333 0.265278 0.142222
235 0.380208 0.412778 0.202083 0.210000
261 0.309375 0.223333 0.249306 0.166667