220 0.184722 0.537222 0.194444 0.221111
210 0.627431 0.205556 0.246528 0.184444
289 0.417014 0.268333 0.534028 0.101111
146 0.253125 0.308333 0.242361 0.143333
250 0.512500 0.376667 0.247222 0.277778
20 0.390278 0.277778 0.097222 0.048889
180 0.390972 0.301667 0.272222 0.207778
24 0.152083 0.261111 0.097222 0.048889
166 0.146528 0.404444 0.191667 0.195556
34 0.368750 0.207778 0.097222 0.048889
257 0.504861 0.170000 0.229167 0.271111
10 0.520139 0.293889 0.337500 0.138889
7 0.306944 0.653333 0.173611 0.555556
26 0.084722 0.433333 0.097222 0.048889
44 0.267361 0.350000 0.243056 0.077778