25 0.450000 0.146667 0.097222 0.048889
202 0.390278 0.370000 0.140278 0.242222
217 0.167014 0.347778 0.192361 0.273333
208 0.601042 0.392778 0.257639 0.270000
76 0.436806 0.563333 0.486111 0.266667
229 0.540972 0.510000 0.159722 0.220000
111 0.591667 0.427222 0.261111 0.203333
104 0.519444 0.276111 0.230556 0.227778
145 0.463889 0.476111 0.204167 0.194444
238 0.313889 0.370000 0.190278 0.235556
269 0.539583 0.346111 0.190278 0.172222
11 0.592014 0.270556 0.350694 0.110000
260 0.298264 0.251111 0.220139 0.242222
304 0.494792 0.496667 0.157639 0.220000
312 0.209722 0.375000 0.231944 0.192222
132 0.260069 0.483333 0.140972 0.155556
12 0.665278 0.135556 0.311111 0.184444
250 0.252431 0.532778 0.264583 0.221111