84 0.457292 0.455000 0.271528 0.150000
173 0.309028 0.263333 0.097222 0.048889
306 0.366319 0.133333 0.179861 0.133333
208 0.605556 0.387778 0.261111 0.182222
241 0.483681 0.391667 0.150694 0.274444
126 0.474653 0.451111 0.228472 0.240000
308 0.205556 0.421667 0.205556 0.167778
128 0.523264 0.197222 0.218750 0.165556
234 0.140625 0.193333 0.165972 0.180000
287 0.227083 0.478889 0.277778 0.206667
170 0.478472 0.268333 0.233333 0.141111
43 0.511806 0.212222 0.243056 0.077778
301 0.166319 0.306111 0.206250 0.265556
284 0.483681 0.076667 0.322917 0.068889
83 0.591667 0.358333 0.261111 0.114444