315 0.563194 0.190000 0.272222 0.200000
239 0.632292 0.411111 0.264583 0.186667
8 0.493056 0.365556 0.173611 0.555556
258 0.264236 0.352778 0.263194 0.256667
110 0.554514 0.375556 0.209028 0.166667
262 0.422222 0.533889 0.226389 0.252222
66 0.230556 0.596667 0.222222 0.422222
76 0.296528 0.191111 0.486111 0.266667
98 0.338542 0.130000 0.249306 0.200000
75 0.302083 0.380000 0.486111 0.266667
200 0.533333 0.157778 0.097222 0.048889
147 0.375000 0.658889 0.334722 0.535556
270 0.284028 0.313889 0.277778 0.158889
51 0.569792 0.357778 0.214583 0.082222
204 0.613542 0.387778 0.275694 0.155556
103 0.338889 0.305000 0.215278 0.261111
24 0.560417 0.060000 0.097222 0.048889
150 0.371528 0.342778 0.270833 0.214444
0 1.010417 0.423333 1.000000 0.066667
268 0.338889 0.204444 0.200000 0.180000
202 0.169792 0.095556 0.149306 0.128889