315 0.176042 0.178333 0.270139 0.172222
178 0.521875 0.220556 0.172917 0.276667
113 0.382292 0.226111 0.193750 0.245556
309 0.284375 0.091667 0.160417 0.121111
234 0.362500 0.395000 0.262500 0.214444
121 0.331250 0.415556 0.270833 0.213333
203 0.281250 0.501111 0.219444 0.120000
140 0.280556 0.461111 0.237500 0.160000
72 0.445139 0.376667 0.261111 0.235556
248 0.642708 0.227222 0.263194 0.132222
13 0.626042 0.496667 0.339583 0.171111
285 0.596528 0.291667 0.291667 0.150000
124 0.561806 0.146111 0.173611 0.192222
296 0.285069 0.397778 0.431250 0.200000
149 0.284722 0.242222 0.252778 0.404444
251 0.606944 0.278889 0.220833 0.257778
282 0.577778 0.326111 0.491667 0.194444
288 0.487847 0.126667 0.307639 0.195556
275 0.227083 0.359444 0.283333 0.121111