169 0.190625 0.320556 0.209028 0.218889
76 0.440972 0.282222 0.486111 0.266667
311 0.402083 0.217222 0.265278 0.232222
11 0.615625 0.482778 0.538194 0.081111
177 0.195833 0.531667 0.215278 0.241111
59 0.439931 0.475000 0.220139 0.078889
5 0.574306 0.076111 0.445833 0.094444
51 0.513194 0.405000 0.243056 0.105556
233 0.360417 0.531667 0.187500 0.218889
145 0.637847 0.357778 0.275694 0.115556
0 0.567361 0.425556 1.000000 0.066667
135 0.443403 0.266667 0.179861 0.124444
32 0.436806 0.268333 0.094444 0.050000
229 0.211806 0.230556 0.206944 0.230000
54 0.247569 0.233333 0.224306 0.111111
259 0.357986 0.303333 0.213194 0.164444