50 0.554861 0.238333 0.273611 0.105556
18 0.521875 0.277222 0.464583 0.103333
7 0.509028 0.721111 0.173611 0.555556
200 0.407639 0.195556 0.097222 0.048889
82 0.595139 0.400000 0.181944 0.257778
161 0.189236 0.162778 0.274306 0.130000
116 0.294444 0.216667 0.194444 0.233333
109 0.546875 0.422222 0.215972 0.264444
226 0.225694 0.066667 0.097222 0.048889
278 0.180208 0.187222 0.310417 0.201111
152 0.592361 0.497778 0.250000 0.157778
231 0.153819 0.131111 0.249306 0.153333
266 0.596875 0.451111 0.274306 0.184444
308 0.489931 0.503889 0.181250 0.167778
225 0.555556 0.205556 0.097222 0.048889
113 0.540278 0.280556 0.141667 0.256667