180 0.372569 0.510556 0.247917 0.272222
265 0.380903 0.456667 0.209028 0.231111
175 0.559028 0.344444 0.097222 0.048889
142 0.095139 0.300000 0.162500 0.277778
29 0.364236 0.186667 0.122917 0.040000
208 0.405903 0.311111 0.227083 0.122222
304 0.333333 0.543333 0.234722 0.235556
62 0.370833 0.425556 0.243056 0.077778
33 0.380556 0.427778 0.097222 0.048889
226 0.293750 0.185556 0.097222 0.048889
160 0.466667 0.513889 0.227778 0.225556
129 0.422917 0.332222 0.213889 0.195556
98 0.257292 0.491667 0.157639 0.245556