96 0.449653 0.245556 0.185417 0.262222
8 0.310417 0.382222 0.173611 0.555556
192 0.580556 0.266111 0.263889 0.147778
205 0.510764 0.129444 0.213194 0.212222
7 0.327083 0.360000 0.173611 0.555556
123 0.420139 0.562222 0.152778 0.262222
263 0.327083 0.508889 0.222222 0.162222
103 0.147569 0.135556 0.185417 0.153333
93 0.429861 0.224444 0.200000 0.117778
249 0.580556 0.243889 0.208333 0.150000
67 0.534722 0.654444 0.222222 0.422222
73 0.567361 0.272778 0.259722 0.218889
197 0.443403 0.269444 0.238194 0.207778
10 0.300000 0.533889 0.523611 0.178889
252 0.268056 0.330556 0.143056 0.165556
216 0.172569 0.464444 0.225694 0.135556
302 0.303819 0.168333 0.171528 0.181111
117 0.221528 0.212778 0.229167 0.167778
190 0.244444 0.146111 0.250000 0.138889
119 0.371875 0.395000 0.199306 0.158889