8 0.552083 0.697778 0.173611 0.555556
158 0.550694 0.261111 0.347222 0.388889
183 0.208333 0.260000 0.248611 0.164444
12 0.460069 0.335556 0.310417 0.128889
114 0.307292 0.218333 0.213194 0.201111
157 0.509722 0.584444 0.347222 0.388889
179 0.494792 0.392222 0.140972 0.157778
243 0.336458 0.444444 0.242361 0.202222
298 0.531597 0.377778 0.403472 0.088889
28 0.618750 0.271111 0.243056 0.077778
147 0.433333 0.450000 0.334722 0.535556
14 0.302778 0.402222 0.518056 0.171111
124 0.331250 0.496111 0.148611 0.218889
221 0.254167 0.518889 0.205556 0.248889
256 0.525347 0.161667 0.274306 0.154444