283 0.447917 0.417778 0.402778 0.193333
6 0.635069 0.526667 0.402083 0.206667
278 0.376042 0.391111 0.404861 0.148889
69 0.268056 0.616667 0.222222 0.422222
300 0.582639 0.410000 0.486111 0.266667
166 0.420139 0.302778 0.230556 0.210000
1 0.654167 0.128889 1.000000 0.066667
114 0.376736 0.322222 0.257639 0.251111
42 0.459722 0.194444 0.243056 0.077778
150 0.598611 0.485556 0.275000 0.237778
3 1.011111 0.173333 1.000000 0.066667
180 0.361458 0.517778 0.228472 0.262222
31 0.217708 0.286111 0.121528 0.041111
168 0.414583 0.426111 0.213889 0.114444
307 0.405903 0.342222 0.260417 0.197778
289 0.373264 0.302778 0.285417 0.147778
305 0.219792 0.197778 0.142361 0.237778
41 0.236806 0.206667 0.243056 0.077778
156 0.678472 0.234444 0.347222 0.388889
70 0.311111 0.131111 0.156944 0.184444
116 0.519444 0.459444 0.147222 0.172222
303 0.310764 0.197778 0.268750 0.222222
109 0.367014 0.198333 0.234028 0.258889
71 0.287153 0.376111 0.207639 0.252222
135 0.407292 0.197222 0.170139 0.196667