39 0.468750 0.333333 0.243056 0.077778
232 0.566667 0.527778 0.268056 0.202222
63 0.327778 0.525556 0.222222 0.422222
312 0.272222 0.132222 0.154167 0.157778
41 0.608333 0.348889 0.243056 0.077778
48 0.446875 0.305000 0.277083 0.105556
203 0.468750 0.220000 0.206944 0.228889
108 0.168403 0.250556 0.200694 0.172222
16 0.320833 0.406667 0.325000 0.122222
9 0.222222 0.662222 0.173611 0.555556
38 0.488889 0.248889 0.243056 0.077778
173 0.426389 0.136667 0.097222 0.048889
304 0.165278 0.408333 0.180556 0.138889
206 0.528472 0.361111 0.243056 0.077778
102 0.504861 0.421111 0.444444 0.444444
294 0.655556 0.198889 0.544444 0.164444
302 0.474653 0.222222 0.167361 0.180000
200 0.147917 0.078889 0.097222 0.048889