5 0.679167 0.411111 0.393056 0.144444
270 0.347569 0.196667 0.277083 0.146667
251 0.256250 0.463889 0.145833 0.250000
121 0.456944 0.357222 0.256944 0.163333
302 0.457292 0.140556 0.249306 0.218889
6 0.458333 0.297778 0.375000 0.097778
43 0.282639 0.151111 0.243056 0.077778
94 0.554861 0.366667 0.155556 0.111111
47 0.620139 0.320556 0.238889 0.085556
257 0.331250 0.262778 0.243056 0.150000
220 0.246181 0.335556 0.250694 0.166667
133 0.501042 0.148333 0.159028 0.170000
228 0.279861 0.349444 0.244444 0.181111
227 0.197569 0.217778 0.142361 0.160000
209 0.524653 0.416667 0.225694 0.126667
233 0.314236 0.318889 0.192361 0.226667