110 0.258333 0.227222 0.204167 0.185556
15 0.262500 0.140000 0.097222 0.048889
82 0.248264 0.242222 0.202083 0.231111
200 0.360417 0.368889 0.097222 0.048889
193 0.576042 0.291111 0.209028 0.131111
243 0.147917 0.354444 0.256944 0.155556
279 0.294097 0.353889 0.511806 0.172222
247 0.489236 0.387778 0.217361 0.273333
58 0.471875 0.307778 0.204861 0.093333
46 0.537500 0.118889 0.187500 0.095556
187 0.234375 0.281667 0.218750 0.154444
173 0.261111 0.387778 0.097222 0.048889
127 0.326389 0.480556 0.240278 0.178889
242 0.370139 0.374444 0.209722 0.235556