214 0.512153 0.558333 0.211806 0.236667
244 0.284722 0.283889 0.238889 0.236667
142 0.181944 0.407222 0.227778 0.132222
279 0.541667 0.508333 0.326389 0.192222
66 0.397917 0.407778 0.222222 0.422222
33 0.252778 0.115556 0.097222 0.048889
28 0.277778 0.428889 0.243056 0.077778
245 0.552778 0.114444 0.169444 0.180000
238 0.302083 0.226667 0.251389 0.146667
20 0.541667 0.214444 0.097222 0.048889
251 0.527778 0.193333 0.148611 0.262222
47 0.423611 0.419444 0.206944 0.070000
135 0.488542 0.320000 0.199306 0.120000
208 0.495486 0.192222 0.256250 0.224444