33 0.450694 0.213333 0.097222 0.048889
144 0.334722 0.412778 0.209722 0.176667
200 0.548611 0.080000 0.097222 0.048889
41 0.318056 0.265556 0.243056 0.077778
246 0.306250 0.405000 0.233333 0.161111
91 0.313889 0.188889 0.188889 0.146667
140 0.275694 0.405556 0.276389 0.122222
250 0.502431 0.368889 0.165972 0.124444
299 0.603125 0.280000 0.215972 0.275556
150 0.600000 0.123333 0.255556 0.144444
279 0.666667 0.472778 0.469444 0.221111
235 0.108333 0.222222 0.144444 0.228889
232 0.566319 0.336667 0.143750 0.233333
23 0.038194 0.192222 0.033333 0.053333
99 0.550000 0.182778 0.216667 0.218889
17 0.572917 0.232222 0.280556 0.095556
1 0.829861 0.068889 1.000000 0.066667
164 0.467708 0.547778 0.182639 0.224444
312 0.452778 0.470000 0.220833 0.155556
284 0.510417 0.301111 0.451389 0.200000
175 0.423611 0.198889 0.097222 0.048889
142 0.493403 0.438889 0.217361 0.122222