99 0.238889 0.378889 0.150000 0.213333
128 0.289583 0.350000 0.181944 0.262222
229 0.616667 0.492222 0.218056 0.157778
28 0.527083 0.160000 0.243056 0.077778
315 0.297917 0.480556 0.180556 0.138889
288 0.220833 0.150000 0.361111 0.135556
91 0.165972 0.338889 0.226389 0.220000
93 0.348611 0.209444 0.172222 0.170000
85 0.184028 0.155556 0.250000 0.222222
231 0.247569 0.140000 0.261806 0.164444
104 0.235069 0.542778 0.243750 0.223333
171 0.466667 0.555556 0.254167 0.233333
264 0.314931 0.435000 0.213194 0.172222
206 0.218056 0.340000 0.243056 0.077778