166 0.539236 0.222778 0.257639 0.141111
172 0.279514 0.507778 0.172917 0.191111
81 0.610417 0.550000 0.212500 0.231111
117 0.173958 0.085556 0.156250 0.120000
82 0.147569 0.189444 0.167361 0.234444
130 0.496181 0.243333 0.174306 0.157778
103 0.584028 0.306111 0.161111 0.267778
295 0.715625 0.395556 0.547917 0.084444
226 0.525694 0.105556 0.097222 0.048889
298 0.159722 0.108333 0.280556 0.156667
171 0.239236 0.345000 0.170139 0.256667
32 0.322917 0.283333 0.118056 0.051111
182 0.217361 0.358889 0.243056 0.215556
157 0.477083 0.388889 0.347222 0.388889
205 0.220833 0.482778 0.200000 0.214444
34 0.155556 0.317778 0.097222 0.048889
48 0.320486 0.243889 0.256250 0.076667
284 0.347222 0.200556 0.304167 0.070000
13 0.620833 0.441111 0.433333 0.157778
220 0.254514 0.547222 0.139583 0.252222
25 0.093056 0.438889 0.097222 0.048889
231 0.155556 0.456667 0.230556 0.255556
262 0.464931 0.416667 0.249306 0.146667