98 0.338889 0.395556 0.195833 0.220000
178 0.559028 0.478889 0.222222 0.166667
49 0.186806 0.145556 0.262500 0.100000
312 0.433333 0.307778 0.254167 0.137778
1 0.600694 0.244444 1.000000 0.066667
116 0.580208 0.330556 0.168750 0.210000
213 0.226389 0.438333 0.255556 0.138889
203 0.243750 0.396667 0.275000 0.155556
311 0.271181 0.371667 0.239583 0.196667
230 0.529861 0.338889 0.222222 0.422222
66 0.243056 0.447778 0.222222 0.422222
288 0.731597 0.165000 0.535417 0.185556
144 0.236458 0.303333 0.153472 0.244444
222 0.518056 0.452778 0.243056 0.187778
289 0.535417 0.343889 0.311111 0.150000
242 0.168750 0.391111 0.243056 0.173333
111 0.165278 0.305000 0.184722 0.216667
61 0.606250 0.335556 0.273611 0.082222
128 0.328472 0.337222 0.141667 0.130000
197 0.272569 0.122778 0.250694 0.112222
182 0.258333 0.498333 0.248611 0.114444
89 0.122917 0.416667 0.168056 0.186667
140 0.395833 0.230556 0.147222 0.218889
250 0.371875 0.486111 0.207639 0.130000
244 0.455208 0.431667 0.243750 0.270000