154 0.676389 0.514444 0.347222 0.388889
310 0.573264 0.288889 0.213194 0.222222
22 0.347917 0.227778 0.033333 0.053333
92 0.280556 0.544444 0.269444 0.248889
33 0.344444 0.123333 0.097222 0.048889
306 0.527083 0.549444 0.170833 0.227778
64 0.422917 0.294444 0.222222 0.422222
151 0.267014 0.501111 0.238194 0.117778
121 0.341319 0.256667 0.165972 0.128889
215 0.200347 0.401667 0.257639 0.265556
261 0.156250 0.380556 0.195833 0.150000
303 0.525347 0.156667 0.254861 0.135556
10 0.557639 0.222222 0.530556 0.117778
229 0.296181 0.393889 0.236806 0.258889
156 0.513194 0.601111 0.347222 0.388889
119 0.192361 0.293889 0.212500 0.223333