169 0.295139 0.462778 0.258333 0.227778
262 0.284375 0.315556 0.246528 0.111111
251 0.486806 0.545000 0.193056 0.247778
193 0.271875 0.453889 0.139583 0.272222
24 0.319444 0.293333 0.097222 0.048889
20 0.147917 0.202222 0.097222 0.048889
165 0.205208 0.338889 0.254861 0.273333
255 0.539236 0.191111 0.184028 0.177778
289 0.581597 0.263889 0.352083 0.156667
200 0.425694 0.276667 0.097222 0.048889
312 0.352431 0.196667 0.156250 0.157778
310 0.344792 0.521667 0.186806 0.250000
230 0.487500 0.418889 0.222222 0.422222
231 0.597222 0.433889 0.273611 0.250000
214 0.187153 0.157222 0.268750 0.132222
168 0.485069 0.468889 0.184028 0.162222
258 0.469792 0.265556 0.222917 0.264444
194 0.471875 0.522222 0.182639 0.166667
97 0.526389 0.148889 0.145833 0.204444