227 0.564583 0.368333 0.161111 0.125556
34 0.181944 0.228889 0.097222 0.048889
216 0.388194 0.388889 0.159722 0.155556
132 0.564931 0.325000 0.206250 0.138889
148 0.198958 0.553889 0.175694 0.225556
77 0.363889 0.477778 0.486111 0.266667
283 0.649653 0.501667 0.520139 0.212222
142 0.146528 0.396111 0.226389 0.221111
170 0.193403 0.189444 0.245139 0.243333
204 0.418750 0.136667 0.148611 0.215556
246 0.487847 0.470000 0.150694 0.273333
123 0.333681 0.169444 0.247917 0.223333
4 0.590278 0.202222 0.495833 0.200000
63 0.445139 0.501111 0.222222 0.422222
285 0.695486 0.220000 0.500694 0.200000
166 0.343750 0.261111 0.195833 0.237778
229 0.580903 0.098889 0.217361 0.142222