81 0.588194 0.453889 0.215278 0.176667
25 0.471528 0.455556 0.097222 0.048889
308 0.424653 0.477778 0.179861 0.157778
212 0.542361 0.327222 0.209722 0.203333
56 0.214931 0.473889 0.195139 0.096667
189 0.462500 0.288889 0.177778 0.242222
253 0.569444 0.246111 0.261111 0.123333
209 0.338194 0.339444 0.223611 0.176667
48 0.432639 0.330556 0.258333 0.070000
33 0.171528 0.367778 0.097222 0.048889
75 0.436111 0.527778 0.486111 0.266667
144 0.331250 0.445000 0.262500 0.198889
289 0.542014 0.473889 0.478472 0.130000
316 0.285069 0.484444 0.186806 0.248889
45 0.255903 0.346667 0.260417 0.100000