59 0.554861 0.390000 0.244444 0.077778
24 0.497917 0.452222 0.097222 0.048889
9 0.150000 0.685556 0.173611 0.555556
60 0.591667 0.283889 0.204167 0.070000
124 0.460417 0.343333 0.180556 0.200000
221 0.165278 0.426111 0.176389 0.147778
113 0.135069 0.227222 0.156250 0.194444
25 0.260417 0.142222 0.097222 0.048889
163 0.472569 0.456667 0.270139 0.111111
20 0.486111 0.438889 0.097222 0.048889
62 0.179861 0.383333 0.243056 0.077778
214 0.399653 0.164444 0.150694 0.253333
171 0.575694 0.280556 0.268056 0.236667