121 0.142708 0.374444 0.202083 0.182222
141 0.263542 0.413333 0.253472 0.162222
292 0.263889 0.172222 0.418056 0.160000
229 0.520139 0.564444 0.209722 0.275556
9 0.113194 0.491111 0.173611 0.555556
241 0.133681 0.473889 0.189583 0.225556
189 0.535069 0.288333 0.150694 0.125556
183 0.459722 0.495000 0.244444 0.265556
290 0.328819 0.483889 0.547917 0.165556
162 0.390972 0.540556 0.166667 0.223333
74 0.283333 0.240000 0.486111 0.266667
173 0.081250 0.246667 0.097222 0.048889
261 0.159722 0.274444 0.237500 0.200000
270 0.512847 0.196667 0.243750 0.122222