18 0.401042 0.182222 0.403472 0.164444
163 0.336806 0.197778 0.247222 0.182222
256 0.223611 0.341667 0.215278 0.236667
253 0.561458 0.097778 0.143750 0.120000
154 0.432639 0.293333 0.347222 0.388889
272 0.321875 0.348333 0.245139 0.147778
19 0.370833 0.374444 0.097222 0.048889
277 0.228472 0.306111 0.362500 0.087778
113 0.395833 0.402222 0.208333 0.120000
107 0.361458 0.527222 0.168750 0.205556
191 0.287153 0.536667 0.274306 0.191111
111 0.316667 0.272778 0.219444 0.167778
204 0.140972 0.251111 0.147222 0.244444
10 0.632986 0.109444 0.532639 0.083333
41 0.202778 0.395556 0.243056 0.077778
49 0.578819 0.232778 0.182639 0.081111
247 0.090625 0.288889 0.139583 0.268889
136 0.348264 0.182222 0.217361 0.233333
305 0.444097 0.262222 0.249306 0.255556
50 0.479861 0.272222 0.263889 0.091111