158 0.584028 0.468889 0.347222 0.388889
110 0.337500 0.266667 0.190278 0.191111
6 0.648611 0.280000 0.508333 0.093333
304 0.293750 0.458333 0.163889 0.210000
86 0.511111 0.393889 0.143056 0.114444
43 0.373611 0.452222 0.243056 0.077778
138 0.541667 0.441111 0.209722 0.271111
166 0.275694 0.267778 0.256944 0.200000
297 0.342361 0.147222 0.308333 0.090000
206 0.450694 0.100000 0.243056 0.077778
33 0.418750 0.380000 0.097222 0.048889
202 0.390972 0.248889 0.248611 0.117778
276 0.650347 0.145556 0.550694 0.171111
14 0.276736 0.201111 0.422917 0.171111
283 0.315278 0.505000 0.433333 0.152222
83 0.596875 0.308889 0.274306 0.148889
65 0.593056 0.543333 0.222222 0.422222
84 0.551042 0.482778 0.168750 0.214444