261 0.230556 0.503889 0.184722 0.194444
111 0.592014 0.256667 0.242361 0.160000
154 0.516667 0.380000 0.347222 0.388889
178 0.184028 0.453889 0.248611 0.165556
239 0.370833 0.312222 0.150000 0.248889
136 0.170833 0.367778 0.219444 0.162222
316 0.176736 0.333333 0.204861 0.120000
92 0.513194 0.327778 0.177778 0.142222
19 0.553472 0.175556 0.097222 0.048889
133 0.410069 0.148333 0.272917 0.227778
235 0.543056 0.408333 0.206944 0.252222
290 0.552431 0.350000 0.365972 0.111111
50 0.251736 0.417778 0.215972 0.108889
11 0.603125 0.189444 0.515972 0.085556
27 0.099306 0.383333 0.097222 0.048889
119 0.586458 0.124444 0.222917 0.122222