96 0.133681 0.565556 0.225694 0.257778
265 0.381597 0.432778 0.160417 0.245556
67 0.199306 0.405556 0.222222 0.422222
235 0.164931 0.206111 0.204861 0.236667
136 0.270139 0.274444 0.176389 0.157778
291 0.479861 0.491111 0.447222 0.222222
7 0.284722 0.675556 0.173611 0.555556
6 0.731944 0.407222 0.534722 0.101111
231 0.519097 0.344444 0.165972 0.117778
199 0.460764 0.148889 0.196528 0.182222
307 0.613542 0.468333 0.252083 0.185556
23 0.391667 0.184444 0.033333 0.053333
119 0.243056 0.526667 0.166667 0.175556
261 0.562153 0.292222 0.188194 0.251111
216 0.211111 0.329444 0.265278 0.272222
118 0.334028 0.563889 0.263889 0.245556