256 0.632292 0.283333 0.246528 0.175556
19 0.317361 0.093333 0.097222 0.048889
309 0.260764 0.552222 0.215972 0.260000
230 0.343056 0.414444 0.222222 0.422222
175 0.128472 0.190000 0.097222 0.048889
153 0.314583 0.355556 0.347222 0.388889
302 0.334028 0.262778 0.211111 0.227778
92 0.523958 0.203333 0.272917 0.251111
224 0.540972 0.248333 0.158333 0.181111
219 0.102083 0.250000 0.097222 0.048889
34 0.370139 0.170000 0.097222 0.048889
285 0.712500 0.510556 0.426389 0.196667
118 0.433681 0.117222 0.156250 0.132222
13 0.214583 0.218333 0.391667 0.074444
244 0.559028 0.263333 0.213889 0.235556
56 0.436806 0.186667 0.211111 0.111111
127 0.178472 0.333333 0.198611 0.246667
115 0.539236 0.178333 0.165972 0.163333
277 0.463542 0.271111 0.422917 0.108889
205 0.637847 0.317222 0.270139 0.123333
215 0.198611 0.581111 0.258333 0.273333
295 0.378819 0.467778 0.404861 0.155556
66 0.393056 0.305556 0.222222 0.422222