115 0.152431 0.158333 0.190972 0.201111
277 0.570139 0.096111 0.304167 0.094444
86 0.181597 0.236111 0.142361 0.167778
294 0.197917 0.530556 0.351389 0.221111
108 0.487847 0.513333 0.270139 0.195556
100 0.537500 0.145000 0.141667 0.154444
132 0.476042 0.555000 0.160417 0.265556
289 0.294097 0.223889 0.364583 0.170000
177 0.222222 0.199444 0.141667 0.245556
152 0.432986 0.379444 0.152083 0.187778
24 0.169444 0.051111 0.097222 0.048889
219 0.352083 0.104444 0.097222 0.048889
241 0.376042 0.453889 0.257639 0.252222
41 0.435417 0.453333 0.243056 0.077778
208 0.503472 0.230000 0.162500 0.273333
74 0.539583 0.530000 0.486111 0.266667
207 0.527778 0.635556 0.222222 0.422222
260 0.572917 0.481667 0.140278 0.147778
283 0.651736 0.372778 0.522917 0.074444