198 0.395486 0.138333 0.153472 0.121111
135 0.275347 0.192778 0.145139 0.194444
37 0.475694 0.205556 0.243056 0.077778
184 0.466319 0.163333 0.261806 0.275556
33 0.138889 0.324444 0.097222 0.048889
225 0.425000 0.262222 0.097222 0.048889
84 0.344792 0.226667 0.206250 0.226667
315 0.601389 0.142222 0.238889 0.188889
192 0.573958 0.520556 0.206250 0.183333
257 0.551389 0.513889 0.177778 0.254444
239 0.212153 0.415000 0.211806 0.123333
134 0.591319 0.357222 0.206250 0.130000
186 0.152083 0.217222 0.175000 0.130000
123 0.256597 0.219444 0.240972 0.218889
177 0.262500 0.512222 0.176389 0.271111
146 0.145139 0.167222 0.233333 0.256667