43 0.144444 0.430000 0.243056 0.077778
253 0.236806 0.213889 0.191667 0.247778
89 0.405903 0.177222 0.222917 0.190000
20 0.490278 0.287778 0.097222 0.048889
268 0.593056 0.373333 0.212500 0.180000
171 0.137500 0.508333 0.208333 0.156667
22 0.486111 0.107778 0.033333 0.053333
137 0.589236 0.343333 0.256250 0.246667
256 0.500347 0.512222 0.190972 0.237778
296 0.721528 0.152222 0.547222 0.137778
0 0.585417 0.176667 1.000000 0.066667
69 0.525000 0.534444 0.222222 0.422222
127 0.199653 0.122222 0.267361 0.177778
210 0.253472 0.528333 0.205556 0.265556
163 0.642014 0.198333 0.263194 0.276667
212 0.352083 0.391667 0.273611 0.210000
167 0.600694 0.464444 0.245833 0.271111
36 0.494444 0.403333 0.243056 0.077778
55 0.638194 0.450000 0.265278 0.088889
286 0.587847 0.433889 0.459028 0.103333
8 0.518056 0.658889 0.173611 0.555556
41 0.622222 0.290000 0.243056 0.077778
88 0.578819 0.526111 0.193750 0.223333