194 0.510764 0.249444 0.199306 0.210000
201 0.309722 0.424444 0.097222 0.048889
84 0.399653 0.231111 0.210417 0.208889
292 0.206250 0.169444 0.291667 0.145556
110 0.177431 0.215000 0.210417 0.234444
315 0.572569 0.237778 0.200694 0.177778
32 0.420486 0.448333 0.072917 0.052222
314 0.403819 0.501667 0.240972 0.127778
225 0.386806 0.341111 0.097222 0.048889
228 0.220139 0.401111 0.197222 0.135556
164 0.566667 0.347222 0.194444 0.136667
96 0.214583 0.509444 0.240278 0.205556
117 0.489931 0.324444 0.227083 0.166667
109 0.523611 0.355000 0.266667 0.167778
155 0.362500 0.362222 0.347222 0.388889
220 0.569097 0.288889 0.242361 0.266667
139 0.136458 0.295556 0.214583 0.264444
130 0.280903 0.475556 0.261806 0.111111
243 0.646181 0.158889 0.271528 0.233333
1 1.001389 0.385556 1.000000 0.066667
63 0.348611 0.586667 0.222222 0.422222
64 0.166667 0.442222 0.222222 0.422222
173 0.230556 0.413333 0.097222 0.048889