300 0.536111 0.514444 0.486111 0.266667
262 0.370139 0.205000 0.159722 0.112222
11 0.671875 0.350556 0.360417 0.156667
111 0.160764 0.142778 0.164583 0.216667
268 0.106597 0.146667 0.182639 0.157778
55 0.182292 0.391111 0.204861 0.066667
23 0.513194 0.233333 0.033333 0.053333
152 0.266667 0.193333 0.165278 0.173333
127 0.465278 0.373889 0.194444 0.163333
49 0.267014 0.196111 0.175694 0.096667
5 0.368403 0.164444 0.456250 0.142222
282 0.314583 0.167222 0.400000 0.207778
6 0.468403 0.355000 0.339583 0.110000
118 0.129861 0.333333 0.206944 0.133333
15 0.413889 0.201111 0.097222 0.048889
123 0.587847 0.206111 0.236806 0.192222
235 0.466667 0.186667 0.155556 0.171111
271 0.157986 0.387778 0.152083 0.144444
203 0.522917 0.425556 0.240278 0.113333
176 0.257292 0.452222 0.145139 0.237778
115 0.226389 0.193889 0.247222 0.178889
42 0.563194 0.316667 0.243056 0.077778
230 0.436111 0.458889 0.222222 0.422222
58 0.521875 0.285556 0.257639 0.084444