29 0.356250 0.142222 0.091667 0.042222
23 0.371528 0.174444 0.033333 0.053333
300 0.443750 0.301111 0.486111 0.266667
37 0.229861 0.295556 0.243056 0.077778
95 0.201389 0.346111 0.275000 0.270000
244 0.476736 0.127222 0.186806 0.192222
180 0.564583 0.172778 0.255556 0.125556
130 0.578125 0.252222 0.154861 0.226667
194 0.528819 0.508333 0.217361 0.152222
33 0.234722 0.084444 0.097222 0.048889
47 0.167361 0.249444 0.258333 0.081111
195 0.409375 0.331111 0.218750 0.244444
159 0.577083 0.446111 0.254167 0.247778
5 0.287500 0.466667 0.534722 0.217778
290 0.291319 0.268889 0.336806 0.113333