25 0.063194 0.211111 0.097222 0.048889
46 0.556597 0.430000 0.259028 0.106667
244 0.089236 0.466111 0.145139 0.132222
268 0.422569 0.417222 0.247917 0.205556
199 0.236111 0.455556 0.190278 0.275556
31 0.478819 0.094444 0.097917 0.053333
316 0.406944 0.195000 0.238889 0.234444
97 0.315278 0.210000 0.154167 0.222222
258 0.439931 0.297778 0.240972 0.151111
87 0.468750 0.187222 0.243056 0.152222
130 0.558333 0.520556 0.222222 0.261111
246 0.311111 0.425556 0.244444 0.260000
155 0.286111 0.333333 0.347222 0.388889
277 0.485069 0.118333 0.335417 0.125556
263 0.361806 0.121111 0.208333 0.142222
33 0.177778 0.435556 0.097222 0.048889
142 0.528125 0.228333 0.252083 0.245556
190 0.256250 0.253333 0.158333 0.237778
68 0.422917 0.496667 0.222222 0.422222