11 0.249653 0.283333 0.424306 0.220000
164 0.218403 0.520000 0.215972 0.251111
168 0.119792 0.228333 0.185417 0.203333
82 0.567708 0.195000 0.199306 0.261111
257 0.421181 0.217778 0.234028 0.160000
119 0.154514 0.495000 0.152083 0.227778
136 0.397569 0.387222 0.256250 0.174444
230 0.569444 0.353333 0.222222 0.422222
21 0.424306 0.410000 0.097222 0.048889
188 0.494097 0.481667 0.185417 0.245556
74 0.642361 0.313333 0.486111 0.266667
80 0.327431 0.358889 0.170139 0.273333
310 0.396528 0.165000 0.218056 0.203333
246 0.489583 0.173333 0.213889 0.228889
70 0.548958 0.170000 0.196528 0.133333
272 0.211111 0.312222 0.218056 0.213333