186 0.152431 0.128333 0.167361 0.127778
213 0.594792 0.376667 0.270139 0.228889
266 0.191667 0.431111 0.187500 0.193333
47 0.188889 0.415000 0.186111 0.105556
169 0.232292 0.212222 0.256250 0.231111
53 0.267361 0.396667 0.206944 0.102222
63 0.523611 0.336667 0.222222 0.422222
159 0.481597 0.308333 0.150694 0.254444
21 0.341667 0.165556 0.097222 0.048889
310 0.180903 0.253333 0.182639 0.197778
48 0.325347 0.479444 0.200694 0.096667
137 0.474306 0.317778 0.220833 0.182222
18 0.604514 0.389444 0.368750 0.198889
89 0.315625 0.363889 0.185417 0.178889
170 0.146875 0.322778 0.256250 0.274444