128 0.292014 0.548333 0.170139 0.267778
37 0.194444 0.465556 0.243056 0.077778
85 0.483681 0.178333 0.234028 0.163333
253 0.359028 0.106667 0.211111 0.135556
46 0.313542 0.206111 0.220139 0.074444
81 0.279861 0.422778 0.175000 0.167778
231 0.369444 0.086111 0.238889 0.116667
14 0.277778 0.157222 0.466667 0.145556
48 0.138194 0.290556 0.186111 0.110000
142 0.169097 0.330000 0.190972 0.188889
212 0.347222 0.492222 0.170833 0.115556
173 0.214583 0.325556 0.097222 0.048889
88 0.583681 0.144444 0.177083 0.211111
269 0.402083 0.357778 0.204167 0.180000
291 0.572917 0.392222 0.348611 0.088889
152 0.486111 0.382778 0.180556 0.196667
195 0.416667 0.233333 0.230556 0.273333
236 0.398958 0.245000 0.228472 0.241111
179 0.557986 0.486111 0.167361 0.174444
270 0.557639 0.200556 0.162500 0.154444
188 0.269792 0.318889 0.257639 0.128889
285 0.646181 0.333889 0.492361 0.087778
20 0.313194 0.236667 0.097222 0.048889