267 0.391319 0.291667 0.213194 0.227778
72 0.375347 0.362778 0.175694 0.250000
139 0.420139 0.426111 0.266667 0.132222
242 0.607986 0.139444 0.275694 0.130000
123 0.445833 0.267222 0.227778 0.198889
216 0.327431 0.422778 0.228472 0.258889
174 0.090278 0.336667 0.097222 0.048889
2 0.590972 0.132222 1.000000 0.066667
308 0.349306 0.176111 0.163889 0.223333
279 0.294792 0.147778 0.525694 0.115556
74 0.720139 0.204444 0.486111 0.266667
280 0.277083 0.247778 0.338889 0.191111
76 0.736806 0.270000 0.486111 0.266667
31 0.428472 0.326111 0.105556 0.043333
124 0.182986 0.338333 0.163194 0.161111