308 0.397917 0.388333 0.193056 0.130000
199 0.433333 0.125556 0.180556 0.128889
104 0.629861 0.522778 0.269444 0.241111
270 0.310417 0.149444 0.215278 0.112222
224 0.311806 0.465000 0.236111 0.252222
134 0.541319 0.381667 0.163194 0.207778
293 0.380556 0.385556 0.408333 0.153333
15 0.386111 0.364444 0.097222 0.048889
277 0.403125 0.441667 0.509028 0.163333
200 0.317361 0.392222 0.097222 0.048889
141 0.342014 0.415556 0.179861 0.151111
86 0.446875 0.537778 0.175694 0.262222
33 0.453472 0.170000 0.097222 0.048889
175 0.093056 0.055556 0.097222 0.048889
205 0.432639 0.410000 0.202778 0.171111