132 0.421875 0.266111 0.149306 0.190000
247 0.438194 0.399444 0.186111 0.261111
128 0.396181 0.385000 0.193750 0.154444
183 0.426389 0.427778 0.223611 0.182222
300 0.456944 0.554444 0.486111 0.266667
136 0.322569 0.255000 0.193750 0.176667
71 0.496181 0.345556 0.175694 0.128889
230 0.301389 0.604444 0.222222 0.422222
295 0.485417 0.114444 0.354167 0.168889
55 0.390625 0.262222 0.260417 0.080000
309 0.374653 0.229444 0.168750 0.187778
310 0.297569 0.352778 0.218750 0.194444
116 0.395833 0.249444 0.208333 0.201111
57 0.401042 0.299444 0.261806 0.092222
238 0.335069 0.176111 0.143750 0.223333
312 0.541319 0.527222 0.257639 0.210000
265 0.215625 0.245000 0.221528 0.192222
118 0.443056 0.305000 0.231944 0.196667
282 0.372569 0.445556 0.320139 0.122222
80 0.267708 0.570556 0.157639 0.276667
216 0.133681 0.458889 0.178472 0.144444
100 0.330556 0.208333 0.173611 0.216667
119 0.197569 0.465556 0.157639 0.155556