233 0.527083 0.333889 0.147222 0.265556
68 0.158333 0.310000 0.222222 0.422222
217 0.284028 0.240000 0.150000 0.215556
78 0.328819 0.317778 0.232639 0.208889
123 0.099306 0.414444 0.144444 0.228889
209 0.407639 0.107222 0.148611 0.145556
284 0.456597 0.176667 0.334028 0.077778
24 0.141667 0.143333 0.097222 0.048889
171 0.584375 0.095556 0.257639 0.117778
103 0.262500 0.483889 0.254167 0.214444
102 0.471528 0.625556 0.444444 0.444444
178 0.585417 0.402222 0.166667 0.160000
116 0.291319 0.255556 0.163194 0.166667
22 0.179167 0.088889 0.033333 0.053333