100 0.370833 0.422222 0.270833 0.177778
268 0.338542 0.382222 0.246528 0.133333
299 0.565278 0.455556 0.248611 0.168889
138 0.164236 0.392778 0.159028 0.156667
41 0.238889 0.294444 0.243056 0.077778
137 0.422917 0.244444 0.175000 0.260000
57 0.135417 0.458333 0.198611 0.092222
130 0.257292 0.431111 0.220139 0.191111
220 0.485069 0.372778 0.188194 0.194444
35 0.245139 0.225556 0.097222 0.048889
184 0.536806 0.492222 0.138889 0.182222
86 0.293750 0.472222 0.145833 0.202222
293 0.461806 0.340556 0.475000 0.101111
244 0.502083 0.173889 0.208333 0.196667
101 0.341319 0.343333 0.204861 0.162222
33 0.496528 0.067778 0.097222 0.048889