33 0.389583 0.258889 0.097222 0.048889
79 0.412500 0.517778 0.159722 0.251111
10 0.261806 0.317222 0.308333 0.072222
227 0.144444 0.538889 0.209722 0.191111
174 0.546528 0.142222 0.097222 0.048889
207 0.588889 0.526667 0.222222 0.422222
156 0.536806 0.423333 0.347222 0.388889
25 0.274306 0.337778 0.097222 0.048889
245 0.467361 0.163889 0.205556 0.256667
210 0.498958 0.255000 0.245139 0.214444
194 0.522569 0.231667 0.179861 0.158889
45 0.495486 0.345556 0.182639 0.108889
17 0.631944 0.119444 0.536111 0.107778
237 0.160417 0.551111 0.204167 0.253333
119 0.356944 0.200556 0.229167 0.221111