94 0.272222 0.317222 0.188889 0.138889
200 0.163194 0.410000 0.097222 0.048889
131 0.633333 0.465556 0.258333 0.240000
102 0.602778 0.360000 0.444444 0.444444
286 0.604167 0.349444 0.359722 0.138889
82 0.143403 0.348333 0.193750 0.130000
20 0.181250 0.098889 0.097222 0.048889
168 0.191319 0.437778 0.222917 0.231111
6 0.487500 0.406111 0.525000 0.147778
189 0.474653 0.347222 0.214583 0.141111
38 0.541667 0.296667 0.243056 0.077778
232 0.362500 0.167778 0.197222 0.162222
304 0.403472 0.385000 0.219444 0.201111
302 0.208681 0.527222 0.210417 0.170000
244 0.313889 0.240000 0.181944 0.195556
85 0.285069 0.098333 0.217361 0.150000
305 0.412500 0.458889 0.184722 0.168889
184 0.205556 0.435000 0.244444 0.167778
143 0.530556 0.158333 0.219444 0.258889
282 0.603472 0.194444 0.312500 0.088889
101 0.377778 0.357778 0.173611 0.251111
230 0.598611 0.554444 0.222222 0.422222
22 0.392361 0.392222 0.033333 0.053333
107 0.363889 0.483889 0.243056 0.230000