251 0.563542 0.182778 0.152083 0.225556
98 0.475000 0.297778 0.143056 0.168889
212 0.261111 0.495556 0.158333 0.271111
77 0.547917 0.524444 0.486111 0.266667
299 0.207986 0.528333 0.242361 0.183333
223 0.293750 0.275556 0.166667 0.140000
294 0.722917 0.200556 0.441667 0.092222
208 0.589931 0.472778 0.272917 0.141111
288 0.284722 0.195556 0.356944 0.153333
54 0.511458 0.373333 0.207639 0.108889
161 0.204167 0.536667 0.236111 0.257778
233 0.189236 0.201111 0.189583 0.173333
281 0.655556 0.223889 0.450000 0.218889
96 0.559722 0.276667 0.255556 0.228889
55 0.606597 0.147778 0.267361 0.086667
243 0.435764 0.445556 0.188194 0.173333
170 0.482292 0.459444 0.177083 0.165556
278 0.626389 0.145556 0.355556 0.091111
135 0.235764 0.162222 0.235417 0.142222
10 0.570486 0.472778 0.321528 0.187778
95 0.337153 0.136667 0.252083 0.177778
218 0.230208 0.451111 0.217361 0.137778
163 0.154861 0.298333 0.151389 0.152222
171 0.367361 0.319444 0.201389 0.198889