42 0.579167 0.315556 0.243056 0.077778
24 0.285417 0.285556 0.097222 0.048889
20 0.447917 0.337778 0.097222 0.048889
16 0.715972 0.370000 0.422222 0.068889
92 0.144792 0.283333 0.243750 0.211111
243 0.169444 0.272778 0.263889 0.163333
27 0.138889 0.446667 0.097222 0.048889
109 0.441319 0.506111 0.172917 0.256667
37 0.401389 0.243333 0.243056 0.077778
271 0.306944 0.403889 0.154167 0.243333
308 0.620833 0.428333 0.223611 0.116667
264 0.525347 0.396667 0.232639 0.217778
69 0.168056 0.515556 0.222222 0.422222
104 0.123958 0.265556 0.213194 0.268889
7 0.597917 0.416667 0.173611 0.555556
18 0.629167 0.117778 0.523611 0.084444
270 0.508333 0.223889 0.204167 0.161111
191 0.357639 0.491111 0.159722 0.148889