296 0.632292 0.487222 0.309028 0.214444
206 0.295139 0.455556 0.243056 0.077778
257 0.284028 0.468333 0.216667 0.150000
106 0.522222 0.500000 0.256944 0.226667
133 0.502083 0.330556 0.215278 0.161111
186 0.592014 0.290000 0.160417 0.268889
243 0.461458 0.540556 0.153472 0.247778
245 0.347569 0.410556 0.238194 0.203333
168 0.478819 0.266667 0.243750 0.188889
297 0.548264 0.100000 0.553472 0.151111
54 0.583681 0.097778 0.204861 0.097778
233 0.181250 0.538333 0.236111 0.196667
69 0.529167 0.314444 0.222222 0.422222
117 0.499653 0.497222 0.146528 0.256667