112 0.272917 0.221667 0.201389 0.241111
74 0.516667 0.481111 0.486111 0.266667
232 0.457986 0.234444 0.207639 0.204444
66 0.464583 0.620000 0.222222 0.422222
28 0.552778 0.327778 0.243056 0.077778
279 0.187847 0.360000 0.331250 0.191111
131 0.173264 0.544444 0.193750 0.253333
240 0.132292 0.431667 0.200694 0.258889
275 0.604167 0.355000 0.288889 0.130000
83 0.276736 0.395556 0.168750 0.226667
266 0.372917 0.206111 0.234722 0.238889
129 0.615625 0.232222 0.259028 0.173333
259 0.264931 0.137222 0.236806 0.227778
7 0.113194 0.525556 0.173611 0.555556
153 0.361111 0.366667 0.347222 0.388889
256 0.228125 0.313889 0.157639 0.256667
161 0.258333 0.210556 0.195833 0.181111
16 0.517708 0.446667 0.377083 0.095556
8 0.393750 0.632222 0.173611 0.555556