0 0.627778 0.098889 1.000000 0.066667
96 0.592708 0.237778 0.188194 0.220000
211 0.540972 0.365000 0.234722 0.192222
33 0.393056 0.306667 0.097222 0.048889
181 0.320139 0.457778 0.268056 0.162222
94 0.306597 0.182222 0.177083 0.140000
194 0.512847 0.500556 0.143750 0.163333
164 0.488889 0.238889 0.170833 0.157778
196 0.303472 0.519444 0.168056 0.263333
217 0.459722 0.316111 0.222222 0.172222
100 0.455556 0.455000 0.225000 0.236667
39 0.406250 0.172222 0.243056 0.077778
82 0.264931 0.280000 0.227083 0.266667
257 0.343750 0.157222 0.143056 0.147778
113 0.585764 0.265000 0.157639 0.143333
66 0.185417 0.326667 0.222222 0.422222
209 0.337500 0.219444 0.156944 0.254444
214 0.286111 0.231667 0.163889 0.125556
221 0.427431 0.460000 0.267361 0.260000