228 0.190625 0.167222 0.159028 0.161111
94 0.528819 0.165000 0.147917 0.218889
39 0.238889 0.274444 0.243056 0.077778
194 0.202431 0.460556 0.199306 0.258889
168 0.297917 0.101111 0.155556 0.144444
113 0.376736 0.128333 0.175694 0.154444
199 0.430208 0.172222 0.170139 0.202222
238 0.143403 0.367778 0.142361 0.264444
86 0.597917 0.482222 0.243056 0.168889
11 0.593056 0.446667 0.372222 0.208889
71 0.590625 0.297222 0.179861 0.125556
292 0.472222 0.483333 0.388889 0.177778
149 0.490278 0.282222 0.252778 0.404444
35 0.276389 0.365556 0.097222 0.048889
58 0.196181 0.442778 0.207639 0.087778
52 0.164931 0.166111 0.259028 0.085556
154 0.388194 0.393333 0.347222 0.388889
141 0.423958 0.465556 0.236806 0.257778
98 0.337500 0.321667 0.225000 0.125556
152 0.112153 0.438333 0.153472 0.205556
176 0.432986 0.513333 0.259028 0.153333