86 0.257986 0.147778 0.152083 0.242222
116 0.180208 0.423889 0.234028 0.261111
303 0.583681 0.226111 0.150694 0.218889
12 0.525000 0.198889 0.544444 0.177778
101 0.127083 0.157778 0.144444 0.140000
147 0.654167 0.490000 0.334722 0.535556
224 0.573264 0.316667 0.246528 0.140000
88 0.297222 0.461667 0.151389 0.114444
283 0.626389 0.280000 0.313889 0.120000
245 0.181250 0.466111 0.219444 0.250000
189 0.271875 0.292222 0.209028 0.251111
112 0.149653 0.213889 0.267361 0.185556
64 0.280556 0.592222 0.222222 0.422222
259 0.440278 0.188333 0.195833 0.154444
305 0.271875 0.251111 0.275694 0.251111
284 0.313889 0.143889 0.345833 0.214444
267 0.306944 0.250556 0.233333 0.145556
14 0.684375 0.206667 0.425694 0.166667
292 0.401389 0.386667 0.361111 0.197778
130 0.153125 0.471111 0.236806 0.166667
119 0.121875 0.333889 0.143750 0.130000
228 0.592708 0.420000 0.157639 0.271111
206 0.334028 0.421111 0.243056 0.077778