283 0.250000 0.450000 0.420833 0.113333
51 0.378472 0.300000 0.276389 0.068889
66 0.261111 0.338889 0.222222 0.422222
294 0.655903 0.204444 0.432639 0.197778
286 0.220486 0.348889 0.284028 0.146667
201 0.413889 0.154444 0.097222 0.048889
264 0.382639 0.157778 0.269444 0.253333
162 0.401736 0.159444 0.154861 0.256667
313 0.293056 0.390556 0.255556 0.223333
121 0.297569 0.465000 0.217361 0.196667
133 0.568403 0.122778 0.181250 0.170000
39 0.504167 0.096667 0.243056 0.077778
220 0.568403 0.477778 0.268750 0.226667
240 0.134722 0.221667 0.229167 0.274444
244 0.588542 0.122222 0.168750 0.182222
32 0.443750 0.372778 0.098611 0.047778
24 0.275000 0.414444 0.097222 0.048889
136 0.365625 0.307778 0.174306 0.262222
312 0.255556 0.529444 0.219444 0.201111