75 0.304861 0.546667 0.486111 0.266667
272 0.303819 0.272778 0.250694 0.176667
284 0.264931 0.382778 0.443750 0.190000
169 0.560417 0.382222 0.213889 0.113333
237 0.218750 0.415556 0.218056 0.220000
221 0.360069 0.206667 0.215972 0.157778
80 0.230556 0.150556 0.191667 0.116667
161 0.394444 0.248333 0.222222 0.154444
144 0.251389 0.348333 0.211111 0.238889
62 0.302778 0.375556 0.243056 0.077778
312 0.636111 0.276111 0.259722 0.210000
98 0.432639 0.217778 0.191667 0.206667
140 0.488542 0.423333 0.240972 0.266667
256 0.163194 0.140000 0.159722 0.135556
257 0.427778 0.452222 0.213889 0.120000
23 0.125000 0.343333 0.033333 0.053333
224 0.566319 0.124444 0.159028 0.142222
279 0.579861 0.410556 0.290278 0.143333
4 0.512153 0.187778 0.542361 0.077778
21 0.558333 0.362222 0.097222 0.048889
171 0.549653 0.146667 0.182639 0.180000