286 0.327083 0.310556 0.341667 0.107778
6 0.305556 0.517778 0.427778 0.202222
314 0.334722 0.148333 0.201389 0.216667
82 0.130903 0.302778 0.142361 0.150000
205 0.176042 0.368333 0.197917 0.267778
116 0.267708 0.374444 0.228472 0.273333
221 0.558681 0.535000 0.170139 0.210000
241 0.507986 0.182222 0.272917 0.120000
195 0.188194 0.255556 0.212500 0.186667
180 0.567361 0.517778 0.200000 0.182222
225 0.443056 0.156667 0.097222 0.048889
248 0.216319 0.276667 0.236806 0.264444
136 0.240972 0.183333 0.184722 0.111111
156 0.624306 0.324444 0.347222 0.388889
272 0.154514 0.537222 0.224306 0.194444