28 0.547222 0.331111 0.243056 0.077778
250 0.491319 0.271667 0.249306 0.125556
103 0.204167 0.098333 0.273611 0.112222
194 0.222917 0.261111 0.265278 0.253333
55 0.365278 0.057778 0.240278 0.068889
68 0.455556 0.533333 0.222222 0.422222
223 0.397917 0.425000 0.197222 0.225556
190 0.239583 0.310556 0.220833 0.190000
25 0.493750 0.378889 0.097222 0.048889
57 0.426389 0.076111 0.175000 0.092222
183 0.205208 0.322222 0.161806 0.208889
101 0.235069 0.535000 0.253472 0.250000
258 0.401736 0.218889 0.159028 0.135556
90 0.244444 0.326667 0.444444 0.444444
92 0.528472 0.411667 0.181944 0.207778
2 0.841667 0.266667 1.000000 0.066667
276 0.282986 0.293889 0.354861 0.161111
39 0.207639 0.353333 0.243056 0.077778
161 0.237153 0.335000 0.153472 0.196667
43 0.143750 0.317778 0.243056 0.077778
240 0.407292 0.526111 0.147917 0.207778
264 0.129861 0.301111 0.138889 0.137778
268 0.203472 0.188889 0.247222 0.120000