13 0.289583 0.192222 0.280556 0.202222
271 0.234722 0.411667 0.195833 0.221111
216 0.215972 0.147778 0.161111 0.186667
107 0.371181 0.380000 0.189583 0.257778
252 0.356944 0.168889 0.179167 0.233333
42 0.137500 0.270000 0.243056 0.077778
72 0.133681 0.333333 0.210417 0.142222
40 0.574306 0.243333 0.243056 0.077778
140 0.627778 0.228889 0.231944 0.226667
295 0.397917 0.367222 0.552778 0.183333
196 0.098611 0.380556 0.163889 0.114444
92 0.181250 0.341667 0.140278 0.161111
67 0.476389 0.482222 0.222222 0.422222
120 0.402778 0.466667 0.223611 0.133333