27 0.162500 0.446667 0.097222 0.048889
99 0.201736 0.090556 0.145139 0.116667
210 0.638889 0.351111 0.268056 0.142222
247 0.232986 0.297222 0.178472 0.212222
96 0.239583 0.320000 0.269444 0.186667
240 0.109375 0.316111 0.157639 0.187778
172 0.491319 0.450000 0.246528 0.128889
93 0.518750 0.210556 0.269444 0.176667
83 0.500694 0.159444 0.233333 0.130000
79 0.222222 0.245556 0.263889 0.260000
77 0.475000 0.311111 0.486111 0.266667
75 0.559722 0.395556 0.486111 0.266667
179 0.434722 0.228333 0.236111 0.165556
36 0.294444 0.436667 0.243056 0.077778
270 0.176736 0.271111 0.185417 0.126667
142 0.432986 0.383889 0.157639 0.236667
1 0.639583 0.231111 1.000000 0.066667