178 0.487153 0.553333 0.240972 0.248889
23 0.328472 0.386667 0.033333 0.053333
2 0.902083 0.252222 1.000000 0.066667
187 0.213889 0.290000 0.261111 0.180000
186 0.392708 0.391111 0.177083 0.135556
77 0.312500 0.242222 0.486111 0.266667
206 0.484028 0.348889 0.243056 0.077778
11 0.635069 0.488889 0.288194 0.200000
300 0.298611 0.561111 0.486111 0.266667
118 0.426736 0.377222 0.236806 0.261111
27 0.329167 0.154444 0.097222 0.048889
130 0.246181 0.377778 0.185417 0.142222
293 0.634375 0.222778 0.327083 0.187778
309 0.195486 0.226111 0.145139 0.245556
245 0.414583 0.115000 0.212500 0.163333
228 0.563194 0.425000 0.233333 0.178889
55 0.505208 0.143333 0.199306 0.106667
307 0.339931 0.225000 0.189583 0.201111
8 0.560417 0.355556 0.173611 0.555556
119 0.326736 0.413333 0.245139 0.257778
285 0.396181 0.130000 0.347917 0.155556