267 0.126736 0.092778 0.177083 0.112222
153 0.287500 0.446667 0.347222 0.388889
198 0.289236 0.193889 0.222917 0.116667
29 0.451736 0.226667 0.079861 0.051111
97 0.177431 0.403889 0.265972 0.276667
48 0.222222 0.244444 0.258333 0.111111
86 0.430903 0.225556 0.254861 0.244444
261 0.421528 0.152778 0.258333 0.212222
274 0.360417 0.098889 0.245833 0.140000
65 0.558333 0.270000 0.222222 0.422222
161 0.482986 0.224444 0.277083 0.208889
28 0.280556 0.420000 0.243056 0.077778
82 0.480208 0.297778 0.206250 0.191111
7 0.450000 0.308889 0.173611 0.555556