154 0.481250 0.456667 0.347222 0.388889
146 0.137500 0.471667 0.151389 0.190000
36 0.333333 0.468889 0.243056 0.077778
25 0.345139 0.198889 0.097222 0.048889
108 0.347222 0.385556 0.263889 0.115556
160 0.536111 0.231111 0.219444 0.175556
74 0.605556 0.458889 0.486111 0.266667
30 0.462500 0.438333 0.073611 0.052222
304 0.230208 0.180000 0.186806 0.264444
291 0.397917 0.307222 0.520833 0.150000
191 0.298611 0.192778 0.186111 0.207778
170 0.324306 0.231667 0.163889 0.212222
119 0.402083 0.327778 0.223611 0.133333
81 0.513889 0.193889 0.184722 0.238889
196 0.436806 0.240000 0.230556 0.175556
206 0.422222 0.424444 0.243056 0.077778
112 0.229861 0.252222 0.145833 0.266667
144 0.524653 0.313333 0.202083 0.251111
313 0.298958 0.446667 0.146528 0.206667
163 0.401736 0.481667 0.178472 0.241111
258 0.170139 0.212222 0.141667 0.177778
269 0.315625 0.494444 0.140972 0.251111
299 0.184375 0.470000 0.267361 0.268889