13 0.577431 0.191111 0.396528 0.155556
267 0.509028 0.396667 0.208333 0.135556
52 0.186458 0.102778 0.215972 0.083333
229 0.244792 0.550556 0.227083 0.267778
84 0.125347 0.430000 0.139583 0.140000
313 0.622569 0.348333 0.270139 0.185556
187 0.401389 0.477222 0.227778 0.205556
57 0.322222 0.227778 0.243056 0.082222
142 0.428472 0.419444 0.238889 0.198889
96 0.352083 0.252778 0.187500 0.112222
238 0.190278 0.126667 0.213889 0.122222
207 0.442361 0.292222 0.222222 0.422222
95 0.141667 0.165556 0.195833 0.137778
37 0.553472 0.253333 0.243056 0.077778
103 0.500000 0.476667 0.231944 0.115556
287 0.283333 0.327222 0.493056 0.118889
91 0.518056 0.367778 0.176389 0.171111
255 0.521181 0.321111 0.256250 0.191111
242 0.527778 0.301111 0.202778 0.168889
28 0.308333 0.126667 0.243056 0.077778
310 0.229514 0.467778 0.202083 0.226667
26 0.086111 0.462222 0.097222 0.048889