241 0.253819 0.428889 0.195139 0.133333
117 0.361111 0.298333 0.266667 0.181111
204 0.508681 0.200000 0.178472 0.131111
221 0.243750 0.168889 0.181944 0.262222
114 0.537153 0.331667 0.211806 0.201111
214 0.519097 0.308889 0.181250 0.117778
225 0.400000 0.144444 0.097222 0.048889
263 0.487500 0.351111 0.208333 0.124444
274 0.449653 0.366111 0.256250 0.172222
294 0.685764 0.089444 0.356250 0.074444
77 0.456250 0.260000 0.486111 0.266667
279 0.288194 0.402222 0.293056 0.197778
76 0.472222 0.208889 0.486111 0.266667
261 0.340278 0.170000 0.168056 0.144444
9 0.184028 0.594444 0.173611 0.555556
63 0.244444 0.426667 0.222222 0.422222
28 0.184722 0.452222 0.243056 0.077778
145 0.197569 0.352222 0.247917 0.142222
296 0.436806 0.151667 0.459722 0.150000
143 0.359722 0.240000 0.184722 0.137778