12 0.421528 0.449444 0.419444 0.172222
134 0.288194 0.225556 0.266667 0.140000
273 0.222917 0.456667 0.273611 0.264444
314 0.461806 0.376667 0.190278 0.168889
166 0.128125 0.221667 0.211806 0.167778
158 0.509722 0.620000 0.347222 0.388889
302 0.603472 0.315556 0.234722 0.264444
33 0.284722 0.102222 0.097222 0.048889
42 0.452778 0.402222 0.243056 0.077778
192 0.482639 0.468889 0.268056 0.244444
227 0.204514 0.227778 0.142361 0.244444
213 0.273958 0.110556 0.170139 0.127778
214 0.369444 0.246667 0.211111 0.117778