68 0.493056 0.635556 0.222222 0.422222
220 0.223611 0.519444 0.151389 0.227778
135 0.544444 0.522222 0.161111 0.157778
11 0.670833 0.432222 0.413889 0.173333
36 0.172222 0.321111 0.243056 0.077778
2 0.643750 0.182222 1.000000 0.066667
125 0.461111 0.408333 0.141667 0.267778
196 0.531250 0.348889 0.204167 0.266667
156 0.200000 0.496667 0.347222 0.388889
262 0.366319 0.490556 0.156250 0.223333
260 0.430903 0.517222 0.179861 0.178889
114 0.198264 0.314444 0.271528 0.151111
19 0.493056 0.151111 0.097222 0.048889
202 0.219444 0.475000 0.263889 0.156667
289 0.461458 0.331111 0.450694 0.142222
274 0.193750 0.147222 0.161111 0.214444
73 0.436458 0.458333 0.163194 0.207778
150 0.555903 0.483333 0.206250 0.246667
9 0.538889 0.581111 0.173611 0.555556
142 0.372569 0.253333 0.218750 0.193333
306 0.356597 0.258889 0.167361 0.124444
174 0.359028 0.237778 0.097222 0.048889
75 0.615972 0.306667 0.486111 0.266667