176 0.435764 0.308889 0.268750 0.111111
271 0.517361 0.277222 0.147222 0.112222
118 0.187153 0.111667 0.159028 0.161111
72 0.572569 0.299444 0.165972 0.221111
112 0.416319 0.465556 0.192361 0.117778
275 0.362847 0.205000 0.400694 0.198889
55 0.352778 0.471111 0.268056 0.097778
226 0.442361 0.140000 0.097222 0.048889
186 0.572917 0.286667 0.254167 0.220000
19 0.366667 0.073333 0.097222 0.048889
26 0.091667 0.456667 0.097222 0.048889
217 0.490278 0.127222 0.245833 0.163333
310 0.365625 0.368889 0.186806 0.191111
177 0.536806 0.306667 0.179167 0.257778
265 0.380208 0.547222 0.189583 0.274444
142 0.265625 0.524444 0.247917 0.160000
68 0.177778 0.234444 0.222222 0.422222
225 0.530556 0.221111 0.097222 0.048889