130 0.434375 0.296667 0.195139 0.235556
187 0.545486 0.298889 0.160417 0.175556
74 0.691667 0.160000 0.486111 0.266667
258 0.313889 0.517778 0.233333 0.208889
112 0.289236 0.486111 0.140972 0.203333
26 0.336111 0.156667 0.097222 0.048889
23 0.134722 0.112222 0.033333 0.053333
4 0.542708 0.160556 0.538194 0.072222
160 0.211111 0.521667 0.247222 0.154444
240 0.252778 0.111667 0.258333 0.152222
88 0.580903 0.363333 0.146528 0.202222
3 0.914583 0.437778 1.000000 0.066667
126 0.511458 0.518889 0.224306 0.222222