253 0.460417 0.243333 0.190278 0.246667
265 0.572917 0.330556 0.150000 0.116667
202 0.605556 0.423889 0.268056 0.243333
276 0.652431 0.130556 0.361806 0.094444
45 0.180903 0.217222 0.227083 0.085556
298 0.744444 0.398333 0.522222 0.114444
287 0.665625 0.482222 0.511806 0.117778
283 0.289931 0.443889 0.399306 0.116667
312 0.374653 0.478333 0.221528 0.165556
132 0.275000 0.332222 0.183333 0.244444
113 0.121875 0.426667 0.140972 0.117778
101 0.465278 0.383333 0.219444 0.235556
182 0.172917 0.249444 0.231944 0.114444
94 0.370833 0.188333 0.201389 0.265556
64 0.273611 0.633333 0.222222 0.422222
241 0.343056 0.138889 0.256944 0.184444
179 0.556597 0.486111 0.221528 0.121111
109 0.351736 0.192222 0.275694 0.251111
292 0.538542 0.243333 0.445139 0.193333