23 0.222917 0.297778 0.033333 0.053333
294 0.162500 0.148333 0.294444 0.103333
300 0.684028 0.404444 0.486111 0.266667
170 0.181597 0.310000 0.274306 0.122222
146 0.226736 0.375556 0.188194 0.144444
260 0.530903 0.303889 0.222917 0.261111
225 0.267361 0.046667 0.097222 0.048889
16 0.594792 0.236111 0.293750 0.072222
112 0.578125 0.475000 0.214583 0.265556
313 0.425347 0.448889 0.246528 0.171111
60 0.538889 0.260000 0.193056 0.095556
203 0.620833 0.103333 0.223611 0.148889
265 0.575000 0.433889 0.241667 0.261111
124 0.131597 0.105556 0.209028 0.151111
252 0.204514 0.153333 0.246528 0.151111
63 0.197222 0.333333 0.222222 0.422222
178 0.598264 0.302778 0.179861 0.132222
117 0.401042 0.226667 0.199306 0.155556
83 0.607639 0.425556 0.201389 0.171111
140 0.596875 0.403889 0.182639 0.190000
217 0.572917 0.226667 0.244444 0.166667
263 0.161458 0.375556 0.175694 0.115556
0 0.556250 0.075556 1.000000 0.066667