104 0.297569 0.346111 0.277083 0.238889
106 0.143403 0.463333 0.189583 0.191111
193 0.363542 0.513333 0.165972 0.271111
198 0.553819 0.211667 0.247917 0.181111
269 0.496181 0.118889 0.209028 0.171111
298 0.599653 0.368889 0.374306 0.128889
68 0.402778 0.523333 0.222222 0.422222
203 0.318403 0.329444 0.225694 0.152222
137 0.215972 0.193333 0.219444 0.173333
304 0.485764 0.398333 0.217361 0.232222
174 0.337500 0.304444 0.097222 0.048889
43 0.176389 0.270000 0.243056 0.077778
159 0.284722 0.490000 0.277778 0.142222
244 0.315972 0.113333 0.206944 0.128889