64 0.345833 0.302222 0.222222 0.422222
183 0.279167 0.568333 0.194444 0.250000
276 0.455208 0.285556 0.417361 0.208889
249 0.530556 0.350556 0.262500 0.198889
206 0.484722 0.137778 0.243056 0.077778
248 0.195139 0.415000 0.140278 0.176667
126 0.450347 0.314444 0.195139 0.251111
220 0.118056 0.516667 0.208333 0.193333
314 0.209375 0.201667 0.260417 0.198889
268 0.589931 0.149444 0.213194 0.121111
15 0.088194 0.094444 0.097222 0.048889
65 0.453472 0.568889 0.222222 0.422222
196 0.240972 0.286667 0.273611 0.146667
144 0.542361 0.410000 0.163889 0.191111
293 0.273958 0.413889 0.420139 0.207778
246 0.497222 0.317222 0.277778 0.145556
269 0.168403 0.484444 0.272917 0.246667
73 0.504514 0.377222 0.185417 0.138889
26 0.063889 0.233333 0.097222 0.048889