65 0.233333 0.267778 0.222222 0.422222
101 0.129514 0.135556 0.156250 0.113333
313 0.162153 0.364444 0.229861 0.204444
85 0.446875 0.482778 0.271528 0.223333
306 0.368750 0.232222 0.156944 0.264444
297 0.319792 0.515000 0.338194 0.212222
134 0.302083 0.253333 0.256944 0.135556
93 0.316667 0.440556 0.148611 0.267778
283 0.554167 0.287778 0.327778 0.095556
261 0.159722 0.138333 0.151389 0.161111
305 0.196181 0.422222 0.186806 0.146667
16 0.629861 0.235556 0.427778 0.206667
89 0.597569 0.397222 0.195139 0.270000
300 0.300000 0.460000 0.486111 0.266667
75 0.459722 0.488889 0.486111 0.266667
162 0.225347 0.537222 0.204861 0.263333
132 0.490625 0.387778 0.189583 0.175556