283 0.353819 0.425556 0.388194 0.117778
39 0.375694 0.302222 0.243056 0.077778
233 0.541319 0.408889 0.264583 0.137778
234 0.287847 0.190000 0.270139 0.264444
104 0.588542 0.454444 0.259028 0.244444
248 0.160764 0.150556 0.164583 0.256667
31 0.364236 0.072222 0.107639 0.044444
93 0.370486 0.345556 0.195139 0.124444
25 0.195833 0.393333 0.097222 0.048889
14 0.401042 0.207778 0.370139 0.171111
303 0.332292 0.383333 0.221528 0.184444
187 0.522917 0.331667 0.200000 0.143333
18 0.631597 0.411111 0.482639 0.113333
178 0.353819 0.381111 0.147917 0.226667
2 1.000000 0.064444 1.000000 0.066667
271 0.223611 0.229444 0.150000 0.196667
275 0.590278 0.089444 0.337500 0.110000
281 0.485417 0.523333 0.359722 0.157778
149 0.549306 0.265556 0.252778 0.404444
183 0.245486 0.175000 0.195139 0.245556
58 0.555903 0.132778 0.197917 0.110000
298 0.422917 0.347778 0.394444 0.157778