0 0.850000 0.080000 1.000000 0.066667
228 0.293403 0.434444 0.274306 0.257778
22 0.068750 0.178889 0.033333 0.053333
222 0.599653 0.208333 0.263194 0.136667
147 0.248611 0.431111 0.334722 0.535556
237 0.436458 0.310000 0.182639 0.120000
160 0.583333 0.380000 0.269444 0.268889
302 0.378819 0.175556 0.160417 0.137778
125 0.186111 0.115000 0.156944 0.158889
223 0.219444 0.351667 0.230556 0.165556
251 0.398958 0.534444 0.247917 0.208889
165 0.134028 0.248333 0.156944 0.250000
311 0.403819 0.190000 0.265972 0.162222
141 0.515972 0.355556 0.222222 0.200000
254 0.468056 0.284444 0.155556 0.137778
201 0.331944 0.262222 0.097222 0.048889
132 0.367708 0.331111 0.218750 0.248889
198 0.551042 0.165000 0.234028 0.143333