272 0.337153 0.196667 0.179861 0.120000
294 0.417361 0.475556 0.405556 0.126667
26 0.485417 0.183333 0.097222 0.048889
38 0.236111 0.192222 0.243056 0.077778
235 0.220833 0.417778 0.141667 0.253333
39 0.449306 0.068889 0.243056 0.077778
251 0.385069 0.516111 0.265972 0.238889
281 0.385417 0.318889 0.290278 0.095556
311 0.392014 0.333333 0.147917 0.186667
100 0.118056 0.143333 0.194444 0.128889
256 0.447222 0.180000 0.231944 0.217778
125 0.195486 0.326667 0.193750 0.235556
153 0.559028 0.391111 0.347222 0.388889
62 0.525000 0.368889 0.243056 0.077778
278 0.596528 0.431111 0.501389 0.222222