222 0.349306 0.330556 0.141667 0.178889
247 0.138542 0.456667 0.174306 0.211111
277 0.264583 0.515000 0.331944 0.174444
187 0.517708 0.203889 0.271528 0.192222
154 0.244444 0.498889 0.347222 0.388889
165 0.537500 0.116667 0.140278 0.122222
213 0.477778 0.405000 0.204167 0.256667
35 0.230556 0.072222 0.097222 0.048889
205 0.550694 0.351111 0.193056 0.153333
33 0.439583 0.268889 0.097222 0.048889
181 0.298264 0.278333 0.200694 0.223333
86 0.598264 0.267222 0.193750 0.205556
185 0.210764 0.287778 0.264583 0.251111
234 0.180208 0.463889 0.203472 0.114444
87 0.615625 0.142222 0.235417 0.237778
43 0.526389 0.293333 0.243056 0.077778
140 0.396875 0.366111 0.259028 0.241111
264 0.560417 0.196667 0.144444 0.195556
307 0.239583 0.452778 0.254167 0.238889
183 0.504167 0.302222 0.243056 0.148889