56 0.426736 0.167778 0.236806 0.104444
188 0.157292 0.312778 0.211806 0.218889
0 0.772222 0.187778 1.000000 0.066667
194 0.151389 0.370556 0.184722 0.187778
92 0.488889 0.508333 0.227778 0.187778
48 0.217014 0.384444 0.192361 0.088889
255 0.500347 0.425000 0.174306 0.156667
68 0.281944 0.493333 0.222222 0.422222
265 0.123611 0.227778 0.219444 0.133333
69 0.157639 0.577778 0.222222 0.422222
36 0.458333 0.102222 0.243056 0.077778
218 0.264236 0.443889 0.202083 0.230000
312 0.628472 0.438333 0.262500 0.190000
13 0.463194 0.215000 0.295833 0.107778
269 0.319444 0.336667 0.163889 0.128889
94 0.389931 0.146667 0.192361 0.162222
233 0.429167 0.318333 0.204167 0.172222
298 0.432292 0.357778 0.331250 0.220000
29 0.516667 0.187222 0.100000 0.043333
88 0.215972 0.303333 0.183333 0.148889
305 0.446528 0.501111 0.254167 0.184444