314 0.227431 0.527778 0.188194 0.200000
284 0.771528 0.447778 0.515278 0.191111
77 0.690278 0.371111 0.486111 0.266667
35 0.268750 0.242222 0.097222 0.048889
240 0.174653 0.290556 0.235417 0.132222
151 0.594097 0.512222 0.261806 0.251111
25 0.238194 0.375556 0.097222 0.048889
299 0.254167 0.146667 0.244444 0.115556
234 0.304514 0.255000 0.209028 0.127778
291 0.622917 0.369444 0.541667 0.216667
28 0.195139 0.308889 0.243056 0.077778
246 0.527431 0.371667 0.220139 0.154444
113 0.554514 0.220556 0.218750 0.121111
223 0.577083 0.411667 0.198611 0.212222
137 0.218750 0.315556 0.233333 0.140000
212 0.635764 0.316667 0.247917 0.246667
254 0.473611 0.162222 0.244444 0.242222
313 0.184028 0.482778 0.254167 0.147778
68 0.518750 0.515556 0.222222 0.422222
233 0.574653 0.336111 0.150694 0.252222