250 0.467014 0.306667 0.174306 0.226667
162 0.256944 0.376111 0.154167 0.196667
81 0.581250 0.125000 0.243056 0.154444
130 0.291319 0.158333 0.193750 0.192222
84 0.364236 0.499444 0.209028 0.236667
246 0.539236 0.261111 0.161806 0.131111
52 0.565625 0.436667 0.239583 0.075556
284 0.479514 0.187222 0.492361 0.190000
101 0.308333 0.509444 0.266667 0.261111
306 0.527083 0.483889 0.252778 0.138889
118 0.457986 0.467778 0.154861 0.226667
87 0.386111 0.533333 0.223611 0.226667
33 0.213194 0.381111 0.097222 0.048889