42 0.227083 0.407778 0.243056 0.077778
75 0.384028 0.573333 0.486111 0.266667
257 0.223611 0.557222 0.231944 0.258889
108 0.162847 0.325556 0.147917 0.273333
27 0.490972 0.327778 0.097222 0.048889
53 0.588542 0.093889 0.243750 0.087778
172 0.139583 0.281111 0.237500 0.231111
76 0.519444 0.196667 0.486111 0.266667
236 0.559028 0.154444 0.245833 0.168889
6 0.432986 0.446111 0.524306 0.134444
83 0.245486 0.391667 0.142361 0.252222
282 0.510417 0.335556 0.395833 0.202222
278 0.299306 0.529444 0.469444 0.176667
133 0.595486 0.322778 0.270139 0.127778
140 0.252083 0.203333 0.256944 0.177778
305 0.259028 0.337778 0.190278 0.202222
200 0.224306 0.148889 0.097222 0.048889
267 0.352083 0.239444 0.154167 0.252222
11 0.423611 0.282222 0.384722 0.135556
15 0.536806 0.328889 0.097222 0.048889
107 0.387153 0.158889 0.218750 0.237778