65 0.459722 0.393333 0.222222 0.422222
0 0.726389 0.284444 1.000000 0.066667
312 0.293403 0.213889 0.250694 0.190000
253 0.399306 0.140000 0.238889 0.224444
51 0.418750 0.160000 0.215278 0.097778
18 0.487500 0.176111 0.455556 0.194444
203 0.509028 0.146111 0.247222 0.214444
214 0.393403 0.420000 0.239583 0.226667
79 0.194792 0.389444 0.209028 0.223333
187 0.471181 0.536111 0.172917 0.216667
104 0.137153 0.522222 0.240972 0.246667
63 0.374306 0.532222 0.222222 0.422222
162 0.348264 0.302778 0.197917 0.156667
36 0.625000 0.305556 0.243056 0.077778
224 0.470139 0.392778 0.276389 0.132222
301 0.264931 0.360000 0.157639 0.277778
294 0.656250 0.279444 0.340278 0.172222
107 0.185069 0.371667 0.168750 0.216667