51 0.218750 0.244444 0.275000 0.097778
242 0.370833 0.321667 0.259722 0.241111
72 0.190625 0.236667 0.213194 0.213333
260 0.217361 0.426111 0.166667 0.218889
145 0.218750 0.229444 0.168056 0.221111
38 0.163889 0.331111 0.243056 0.077778
159 0.465278 0.351111 0.175000 0.257778
7 0.202778 0.406667 0.173611 0.555556
20 0.109028 0.403333 0.097222 0.048889
305 0.314931 0.169444 0.190972 0.238889
10 0.563194 0.410000 0.470833 0.071111
8 0.134028 0.608889 0.173611 0.555556
301 0.616667 0.326111 0.268056 0.234444
78 0.139583 0.261667 0.201389 0.201111
243 0.275347 0.281111 0.210417 0.224444
119 0.233681 0.266667 0.204861 0.113333