272 0.598611 0.522778 0.243056 0.172222
251 0.356597 0.402222 0.263194 0.228889
153 0.279167 0.547778 0.347222 0.388889
222 0.156597 0.153889 0.217361 0.243333
185 0.288194 0.543889 0.151389 0.214444
291 0.401736 0.454444 0.285417 0.186667
17 0.361111 0.399444 0.329167 0.121111
215 0.297569 0.343333 0.209028 0.140000
110 0.147917 0.509444 0.156944 0.254444
24 0.427083 0.412222 0.097222 0.048889
307 0.440278 0.173333 0.186111 0.217778
229 0.572917 0.470000 0.193056 0.184444
235 0.308681 0.124444 0.265972 0.204444
118 0.376042 0.191111 0.275694 0.180000
54 0.189583 0.071667 0.231944 0.070000
146 0.156597 0.353889 0.234028 0.216667
36 0.585417 0.068889 0.243056 0.077778
94 0.580208 0.461111 0.256250 0.120000
63 0.597917 0.413333 0.222222 0.422222
133 0.583681 0.512222 0.222917 0.228889
306 0.405556 0.267222 0.193056 0.143333