311 0.593750 0.346111 0.181944 0.121111
253 0.478125 0.478889 0.174306 0.277778
257 0.340972 0.452222 0.252778 0.262222
192 0.155903 0.190556 0.145139 0.156667
154 0.665972 0.461111 0.347222 0.388889
71 0.386806 0.523889 0.247222 0.232222
41 0.356944 0.331111 0.243056 0.077778
291 0.686111 0.202778 0.433333 0.201111
40 0.502778 0.375556 0.243056 0.077778
126 0.495486 0.297778 0.225694 0.277778
307 0.445139 0.480556 0.181944 0.136667
214 0.181597 0.309444 0.193750 0.141111
238 0.339583 0.188889 0.230556 0.171111
52 0.357639 0.390556 0.190278 0.067778
121 0.645486 0.125556 0.267361 0.160000