123 0.097917 0.436111 0.150000 0.187778
139 0.139236 0.291667 0.217361 0.136667
120 0.417708 0.327222 0.185417 0.145556
95 0.195486 0.400556 0.204861 0.158889
204 0.198611 0.263333 0.256944 0.217778
251 0.543403 0.195000 0.213194 0.190000
304 0.136111 0.338889 0.183333 0.160000
56 0.223264 0.348889 0.239583 0.084444
278 0.468403 0.237778 0.421528 0.084444
55 0.289931 0.298889 0.200694 0.091111
296 0.546528 0.143889 0.501389 0.192222
183 0.356597 0.168333 0.145139 0.201111
148 0.159722 0.391111 0.144444 0.173333