34 0.153472 0.163333 0.097222 0.048889
258 0.564236 0.453889 0.225694 0.181111
300 0.716667 0.397778 0.486111 0.266667
128 0.342014 0.327778 0.189583 0.155556
298 0.597569 0.185556 0.534028 0.153333
315 0.293403 0.356111 0.235417 0.265556
247 0.467708 0.376667 0.264583 0.224444
216 0.487500 0.102222 0.202778 0.131111
62 0.227083 0.134444 0.243056 0.077778
122 0.182986 0.178889 0.186806 0.233333
138 0.319097 0.480000 0.195139 0.188889
263 0.562153 0.253333 0.160417 0.217778
178 0.192361 0.165556 0.247222 0.208889
137 0.167014 0.389444 0.236806 0.170000
256 0.425347 0.341111 0.175694 0.133333
204 0.149306 0.384444 0.241667 0.117778
170 0.436458 0.098333 0.181250 0.143333
172 0.278472 0.427222 0.140278 0.150000
144 0.159722 0.493333 0.265278 0.153333
231 0.102083 0.345000 0.141667 0.247778
218 0.625347 0.309444 0.265972 0.201111
267 0.392361 0.312778 0.195833 0.210000
203 0.318403 0.286667 0.197917 0.197778
27 0.128472 0.057778 0.097222 0.048889
93 0.533681 0.323889 0.184028 0.127778