310 0.193056 0.166667 0.256944 0.171111
205 0.330903 0.103889 0.256250 0.152222
147 0.182639 0.581111 0.334722 0.535556
169 0.331944 0.516667 0.211111 0.195556
161 0.466319 0.506111 0.145139 0.241111
86 0.329514 0.137222 0.221528 0.207778
168 0.344444 0.438889 0.223611 0.246667
28 0.570139 0.096667 0.243056 0.077778
16 0.653819 0.235000 0.481250 0.083333
34 0.064583 0.165556 0.097222 0.048889
57 0.590625 0.129444 0.225694 0.085556
149 0.225694 0.400000 0.252778 0.404444
258 0.465625 0.128333 0.227083 0.201111
211 0.511111 0.407778 0.237500 0.193333
228 0.509375 0.269444 0.154861 0.127778
133 0.569444 0.215000 0.262500 0.127778
235 0.397569 0.255000 0.277083 0.265556
175 0.158333 0.248889 0.097222 0.048889