221 0.285764 0.165000 0.245139 0.196667
158 0.500694 0.612222 0.347222 0.388889
190 0.137847 0.247778 0.178472 0.171111
170 0.198611 0.213889 0.155556 0.201111
7 0.122917 0.448889 0.173611 0.555556
14 0.385417 0.221111 0.363889 0.117778
279 0.625347 0.420000 0.445139 0.217778
16 0.542708 0.451667 0.340972 0.096667
26 0.381250 0.060000 0.097222 0.048889
199 0.467708 0.360000 0.199306 0.160000
76 0.672222 0.208889 0.486111 0.266667
1 0.927083 0.407778 1.000000 0.066667
275 0.335764 0.341667 0.290972 0.163333
127 0.297569 0.291111 0.263194 0.191111
195 0.146528 0.426111 0.166667 0.138889