176 0.470139 0.558333 0.226389 0.263333
121 0.341667 0.469444 0.213889 0.210000
211 0.520139 0.303333 0.197222 0.148889
217 0.279167 0.365556 0.145833 0.160000
143 0.319792 0.436111 0.163194 0.150000
286 0.467708 0.520000 0.486806 0.151111
238 0.161458 0.422778 0.192361 0.130000
279 0.601042 0.203333 0.552083 0.133333
103 0.280903 0.263333 0.239583 0.195556
221 0.219097 0.159444 0.140972 0.172222
214 0.376042 0.431111 0.231250 0.133333
233 0.427778 0.453889 0.240278 0.265556
73 0.256250 0.299444 0.272222 0.201111
99 0.514931 0.353889 0.240972 0.270000
54 0.617014 0.291667 0.209028 0.074444
22 0.313889 0.086667 0.033333 0.053333
171 0.497917 0.426667 0.204167 0.133333
174 0.168750 0.088889 0.097222 0.048889
290 0.316319 0.354444 0.342361 0.204444
26 0.375694 0.454444 0.097222 0.048889
308 0.132986 0.354444 0.204861 0.168889
119 0.414583 0.489444 0.231944 0.258889