263 0.577431 0.396667 0.142361 0.233333
284 0.696181 0.163889 0.532639 0.098889
102 0.363194 0.348889 0.444444 0.444444
11 0.390278 0.262222 0.531944 0.128889
28 0.422222 0.205556 0.243056 0.077778
129 0.329861 0.556667 0.275000 0.268889
32 0.359722 0.281111 0.075000 0.044444
220 0.255903 0.335000 0.202083 0.276667
112 0.347569 0.193889 0.261806 0.190000
94 0.162153 0.374444 0.189583 0.217778
63 0.581944 0.603333 0.222222 0.422222
266 0.205556 0.265556 0.169444 0.120000
176 0.511458 0.197222 0.174306 0.165556
257 0.356944 0.117778 0.191667 0.113333
71 0.234028 0.478333 0.152778 0.243333
141 0.383681 0.172778 0.210417 0.187778
148 0.185417 0.221111 0.248611 0.142222
109 0.272569 0.439444 0.204861 0.230000