280 0.571181 0.420556 0.286806 0.212222
55 0.582986 0.309444 0.277083 0.092222
113 0.215972 0.272222 0.169444 0.126667
211 0.532639 0.498889 0.145833 0.246667
53 0.202083 0.186667 0.262500 0.095556
269 0.316319 0.527222 0.215972 0.192222
299 0.505208 0.542778 0.175694 0.227778
198 0.554514 0.507778 0.186806 0.224444
177 0.216667 0.339444 0.184722 0.163333
165 0.315278 0.293333 0.275000 0.117778
46 0.588194 0.221667 0.256944 0.085556
151 0.304861 0.530000 0.206944 0.275556
31 0.470486 0.393889 0.092361 0.050000
107 0.412153 0.473889 0.235417 0.276667
41 0.310417 0.385556 0.243056 0.077778
257 0.555208 0.354444 0.172917 0.228889
64 0.442361 0.563333 0.222222 0.422222