306 0.105208 0.235556 0.168750 0.166667
104 0.440972 0.190556 0.252778 0.165556
228 0.551736 0.481667 0.192361 0.172222
92 0.623264 0.328333 0.218750 0.112222
182 0.376389 0.422778 0.155556 0.205556
141 0.512847 0.297778 0.275694 0.122222
20 0.386111 0.408889 0.097222 0.048889
94 0.398264 0.273333 0.236806 0.126667
137 0.574653 0.422778 0.156250 0.132222
51 0.408333 0.352222 0.277778 0.091111
265 0.442708 0.088889 0.250694 0.113333
297 0.295486 0.292778 0.471528 0.067778
276 0.290625 0.467222 0.539583 0.167778
242 0.121875 0.449444 0.215972 0.136667
133 0.371528 0.382222 0.258333 0.240000
283 0.378472 0.267222 0.466667 0.150000