203 0.402083 0.470000 0.172222 0.235556
134 0.376736 0.378333 0.182639 0.252222
230 0.615972 0.468889 0.222222 0.422222
253 0.357292 0.483889 0.192361 0.258889
274 0.228125 0.225000 0.188194 0.161111
30 0.414931 0.423333 0.117361 0.048889
251 0.374653 0.169444 0.246528 0.181111
47 0.506944 0.321111 0.181944 0.102222
28 0.296528 0.290000 0.243056 0.077778
10 0.669097 0.140000 0.463194 0.220000
96 0.126042 0.447222 0.140972 0.203333
281 0.556944 0.301667 0.308333 0.107778
93 0.379861 0.210000 0.212500 0.168889
70 0.554514 0.084444 0.261806 0.113333
8 0.478472 0.411111 0.173611 0.555556
46 0.223611 0.267778 0.184722 0.088889
49 0.254167 0.241667 0.186111 0.074444
79 0.213542 0.552778 0.167361 0.258889
68 0.471528 0.334444 0.222222 0.422222
179 0.138889 0.522778 0.220833 0.158889
102 0.623611 0.352222 0.444444 0.444444
235 0.496528 0.464444 0.211111 0.131111
128 0.353472 0.557778 0.272222 0.266667
256 0.169792 0.207778 0.268750 0.206667
131 0.615278 0.341667 0.245833 0.245556
107 0.152431 0.208889 0.210417 0.133333