90 0.649306 0.354444 0.444444 0.444444
226 0.297222 0.295556 0.097222 0.048889
218 0.200347 0.234444 0.231250 0.226667
10 0.406944 0.118333 0.483333 0.178889
159 0.436111 0.470556 0.268056 0.225556
143 0.611806 0.223889 0.270833 0.201111
256 0.102431 0.463333 0.171528 0.177778
303 0.499653 0.355000 0.160417 0.243333
14 0.470139 0.207222 0.341667 0.125556
135 0.377083 0.520000 0.258333 0.215556
227 0.516667 0.358333 0.181944 0.218889
255 0.405556 0.153889 0.276389 0.236667
192 0.392014 0.376667 0.264583 0.137778
222 0.181597 0.423889 0.202083 0.185556
125 0.599306 0.219444 0.231944 0.163333
301 0.509722 0.273889 0.147222 0.154444
229 0.213194 0.156111 0.277778 0.181111
50 0.185069 0.357778 0.267361 0.111111
171 0.155903 0.333333 0.157639 0.222222