24 0.440278 0.334444 0.097222 0.048889
178 0.151736 0.132222 0.156250 0.122222
31 0.303472 0.201667 0.091667 0.050000
302 0.195833 0.185556 0.216667 0.260000
115 0.413542 0.362222 0.264583 0.222222
206 0.206250 0.386667 0.243056 0.077778
117 0.271181 0.207778 0.152083 0.175556
61 0.473611 0.324444 0.263889 0.075556
148 0.616667 0.462778 0.215278 0.136667
112 0.202778 0.443889 0.231944 0.201111
283 0.394097 0.497778 0.531250 0.160000
183 0.135069 0.453333 0.236806 0.222222
120 0.126389 0.170556 0.155556 0.125556
58 0.234028 0.470000 0.236111 0.088889
42 0.465972 0.273333 0.243056 0.077778
136 0.516667 0.360556 0.263889 0.221111
30 0.171528 0.298889 0.108333 0.044444
113 0.509722 0.388333 0.238889 0.112222
118 0.394444 0.526111 0.220833 0.174444
307 0.189236 0.456667 0.145139 0.268889
129 0.238194 0.160556 0.238889 0.127778
278 0.463194 0.437778 0.291667 0.066667
308 0.558333 0.406111 0.220833 0.178889
116 0.196181 0.332778 0.267361 0.152222