178 0.593403 0.340556 0.220139 0.145556
208 0.181597 0.184444 0.257639 0.233333
192 0.407986 0.568889 0.264583 0.266667
150 0.540278 0.332222 0.148611 0.226667
193 0.505903 0.252778 0.207639 0.276667
33 0.269444 0.095556 0.097222 0.048889
15 0.549306 0.207778 0.097222 0.048889
232 0.248958 0.486111 0.215972 0.127778
301 0.549306 0.104444 0.243056 0.115556
313 0.448958 0.477778 0.171528 0.255556
3 0.811111 0.288889 1.000000 0.066667
58 0.600000 0.135556 0.181944 0.111111
234 0.547917 0.285556 0.159722 0.275556
136 0.256944 0.517222 0.227778 0.161111
54 0.460764 0.330000 0.217361 0.066667
90 0.459722 0.518889 0.444444 0.444444