195 0.364931 0.340000 0.267361 0.164444
313 0.372917 0.457778 0.213889 0.224444
92 0.353472 0.366111 0.240278 0.198889
80 0.576042 0.538333 0.150694 0.261111
179 0.534722 0.398889 0.187500 0.140000
59 0.503472 0.333333 0.236111 0.111111
24 0.456944 0.431111 0.097222 0.048889
166 0.392708 0.517222 0.209028 0.274444
148 0.365278 0.358889 0.183333 0.137778
187 0.415278 0.135000 0.240278 0.116667
143 0.130556 0.256111 0.190278 0.258889
211 0.281944 0.435000 0.252778 0.141111
5 0.459722 0.089444 0.459722 0.072222
250 0.483333 0.087778 0.165278 0.117778
117 0.468750 0.542222 0.194444 0.240000
207 0.575694 0.625556 0.222222 0.422222
132 0.492708 0.506111 0.184028 0.136667
238 0.145486 0.137222 0.261806 0.183333
11 0.280556 0.352222 0.283333 0.077778
298 0.280556 0.437222 0.455556 0.178889
7 0.428472 0.427778 0.173611 0.555556
224 0.165625 0.342778 0.240972 0.205556
277 0.660764 0.417778 0.497917 0.108889
291 0.392361 0.334444 0.518056 0.162222