270 0.576736 0.365000 0.206250 0.130000
225 0.335417 0.401111 0.097222 0.048889
170 0.469097 0.172222 0.234028 0.220000
203 0.438889 0.560000 0.276389 0.257778
255 0.456944 0.145000 0.211111 0.227778
296 0.268750 0.178889 0.375000 0.186667
262 0.428472 0.229444 0.166667 0.214444
144 0.284028 0.246111 0.181944 0.116667
82 0.282639 0.190556 0.218056 0.276667
22 0.279861 0.206667 0.033333 0.053333
65 0.440972 0.418889 0.222222 0.422222
282 0.704514 0.496667 0.470139 0.197778
61 0.523958 0.206111 0.232639 0.107778
67 0.404167 0.463333 0.222222 0.422222
107 0.612847 0.160000 0.213194 0.260000