38 0.622917 0.274444 0.243056 0.077778
198 0.513194 0.482778 0.152778 0.154444
177 0.614931 0.507222 0.243750 0.214444
230 0.570833 0.527778 0.222222 0.422222
127 0.607639 0.171111 0.234722 0.171111
288 0.356944 0.196111 0.362500 0.110000
219 0.202778 0.430000 0.097222 0.048889
72 0.151736 0.451667 0.229861 0.147778
90 0.270139 0.406667 0.444444 0.444444
261 0.403125 0.418889 0.146528 0.182222
7 0.245833 0.454444 0.173611 0.555556
151 0.522222 0.188333 0.234722 0.143333
182 0.581597 0.262222 0.228472 0.273333
185 0.581944 0.123889 0.229167 0.163333
167 0.379514 0.172778 0.215972 0.152222
307 0.620139 0.337222 0.223611 0.143333
118 0.443750 0.215000 0.201389 0.147778
50 0.406250 0.426111 0.231944 0.107778
289 0.486111 0.145556 0.355556 0.182222
86 0.446528 0.203333 0.247222 0.244444
246 0.638542 0.276111 0.263194 0.234444
224 0.565278 0.394444 0.220833 0.228889
18 0.540625 0.440556 0.336806 0.152222
270 0.610764 0.132778 0.264583 0.192222