6 0.664236 0.176667 0.493750 0.137778
152 0.597569 0.267778 0.222917 0.166667
51 0.582986 0.124444 0.246528 0.077778
240 0.257639 0.171111 0.272222 0.173333
62 0.255556 0.477778 0.243056 0.077778
150 0.276389 0.288889 0.272222 0.251111
116 0.188194 0.411667 0.184722 0.132222
243 0.471528 0.243889 0.268056 0.270000
144 0.155556 0.446111 0.265278 0.127778
187 0.612153 0.357222 0.256250 0.112222
265 0.605208 0.547222 0.204861 0.258889
270 0.242361 0.260000 0.268056 0.275556
258 0.408333 0.265000 0.148611 0.141111
296 0.323611 0.152222 0.518056 0.117778
264 0.333333 0.325556 0.216667 0.233333
286 0.706597 0.125556 0.497917 0.206667
303 0.104861 0.207222 0.172222 0.114444
24 0.215972 0.192222 0.097222 0.048889
38 0.236111 0.133333 0.243056 0.077778