244 0.166319 0.173889 0.229861 0.112222
199 0.622569 0.443889 0.231250 0.112222
298 0.572569 0.449444 0.386806 0.101111
190 0.364236 0.331667 0.159028 0.221111
69 0.606250 0.453333 0.222222 0.422222
147 0.517361 0.624444 0.334722 0.535556
72 0.153125 0.257778 0.232639 0.142222
8 0.154167 0.552222 0.173611 0.555556
263 0.243750 0.380000 0.176389 0.188889
146 0.118403 0.143333 0.152083 0.226667
168 0.260069 0.557222 0.259028 0.276667
283 0.325347 0.486667 0.324306 0.168889
56 0.279861 0.460556 0.205556 0.085556
182 0.282292 0.478889 0.200694 0.157778
215 0.285069 0.415000 0.145139 0.225556
266 0.549653 0.183333 0.199306 0.264444
149 0.181944 0.323333 0.252778 0.404444
306 0.608681 0.413889 0.228472 0.203333
133 0.634375 0.370556 0.249306 0.190000
200 0.190972 0.388889 0.097222 0.048889
2 0.868750 0.280000 1.000000 0.066667
16 0.374306 0.098333 0.329167 0.127778
172 0.147917 0.491667 0.241667 0.152222
289 0.584028 0.118333 0.386111 0.154444
117 0.234722 0.187222 0.206944 0.207778