288 0.342708 0.412778 0.493750 0.158889
66 0.228472 0.486667 0.222222 0.422222
137 0.229514 0.395000 0.236806 0.201111
266 0.150000 0.562778 0.172222 0.252222
298 0.554514 0.172222 0.528472 0.215556
19 0.151389 0.198889 0.097222 0.048889
80 0.548958 0.328889 0.253472 0.253333
32 0.085417 0.082778 0.077778 0.043333
77 0.493750 0.250000 0.486111 0.266667
277 0.554514 0.291667 0.339583 0.183333
141 0.348611 0.345556 0.161111 0.193333
136 0.567014 0.195000 0.171528 0.123333
129 0.539583 0.226667 0.219444 0.204444
122 0.425000 0.233889 0.277778 0.261111
101 0.487500 0.343333 0.259722 0.111111
116 0.106250 0.272778 0.183333 0.256667