136 0.236458 0.103889 0.164583 0.147778
3 0.715278 0.332222 1.000000 0.066667
1 0.983333 0.264444 1.000000 0.066667
219 0.167361 0.158889 0.097222 0.048889
112 0.133333 0.399444 0.179167 0.150000
165 0.455556 0.355000 0.141667 0.147778
53 0.344444 0.315556 0.241667 0.073333
202 0.538889 0.481667 0.204167 0.192222
308 0.456250 0.362222 0.238889 0.188889
50 0.423264 0.383889 0.211806 0.081111
124 0.219792 0.345556 0.257639 0.217778
106 0.307986 0.433333 0.243750 0.137778
69 0.470833 0.496667 0.222222 0.422222
14 0.414583 0.205000 0.480556 0.187778