292 0.571181 0.139444 0.518750 0.161111
236 0.540278 0.445556 0.212500 0.257778
272 0.436458 0.388889 0.243750 0.162222
30 0.323958 0.310000 0.122917 0.048889
252 0.206250 0.334444 0.236111 0.264444
18 0.476389 0.520000 0.551389 0.157778
237 0.372222 0.515556 0.262500 0.240000
214 0.168403 0.387778 0.179861 0.117778
249 0.227083 0.463333 0.218056 0.248889
1 0.762500 0.142222 1.000000 0.066667
254 0.558333 0.498333 0.231944 0.272222
287 0.687500 0.430000 0.523611 0.195556
208 0.443056 0.189444 0.226389 0.236667
56 0.647222 0.430556 0.275000 0.096667
313 0.545833 0.306667 0.272222 0.120000
298 0.385069 0.415556 0.353472 0.202222
195 0.594792 0.325000 0.256250 0.118889