307 0.425347 0.185556 0.213194 0.144444
123 0.444097 0.524444 0.159028 0.251111
276 0.473611 0.065000 0.512500 0.067778
136 0.568056 0.491667 0.269444 0.236667
254 0.602778 0.256667 0.243056 0.211111
39 0.154861 0.135556 0.243056 0.077778
291 0.264236 0.458889 0.361806 0.222222
48 0.174306 0.145556 0.261111 0.071111
43 0.461111 0.307778 0.243056 0.077778
279 0.360764 0.112778 0.510417 0.085556
40 0.301389 0.360000 0.243056 0.077778
67 0.496528 0.258889 0.222222 0.422222
275 0.672917 0.321111 0.398611 0.166667
242 0.478125 0.197222 0.243750 0.165556
73 0.555556 0.567778 0.258333 0.266667
244 0.586458 0.325000 0.249306 0.263333
38 0.618750 0.351111 0.243056 0.077778
143 0.195833 0.178889 0.212500 0.211111
183 0.233333 0.175000 0.265278 0.196667
15 0.318056 0.090000 0.097222 0.048889