304 0.262153 0.160000 0.150694 0.251111
54 0.235417 0.098333 0.245833 0.098889
121 0.190972 0.205000 0.229167 0.174444
303 0.168403 0.491667 0.271528 0.232222
126 0.359375 0.270556 0.165972 0.272222
98 0.378819 0.182222 0.232639 0.164444
224 0.315972 0.396667 0.252778 0.202222
108 0.388889 0.310000 0.212500 0.197778
232 0.427431 0.519444 0.265972 0.221111
36 0.530556 0.112222 0.243056 0.077778
100 0.282639 0.461667 0.183333 0.201111
58 0.184722 0.084444 0.191667 0.104444
183 0.355903 0.327222 0.243750 0.132222
65 0.294444 0.366667 0.222222 0.422222