258 0.120833 0.324444 0.209722 0.151111
277 0.183333 0.221667 0.320833 0.212222
87 0.227083 0.125000 0.209722 0.156667
9 0.119444 0.655556 0.173611 0.555556
316 0.442708 0.362222 0.259028 0.277778
246 0.605208 0.218889 0.215972 0.142222
22 0.528472 0.313333 0.033333 0.053333
47 0.214931 0.165000 0.227083 0.092222
196 0.309028 0.274444 0.150000 0.148889
279 0.596528 0.437778 0.520833 0.075556
286 0.227778 0.458333 0.337500 0.176667
39 0.222917 0.221111 0.243056 0.077778
107 0.457986 0.394444 0.260417 0.193333