37 0.581944 0.081111 0.243056 0.077778
209 0.225694 0.465556 0.231944 0.224444
224 0.160417 0.203889 0.269444 0.121111
200 0.315278 0.448889 0.097222 0.048889
246 0.215278 0.176667 0.261111 0.260000
219 0.075000 0.460000 0.097222 0.048889
307 0.610764 0.346667 0.195139 0.204444
143 0.460069 0.167778 0.252083 0.111111
138 0.590972 0.262222 0.238889 0.140000
136 0.277778 0.445000 0.195833 0.178889
55 0.480903 0.388889 0.247917 0.080000
294 0.259028 0.193889 0.327778 0.127778
235 0.220833 0.326111 0.200000 0.198889
17 0.692708 0.426667 0.536806 0.073333
270 0.344444 0.147778 0.268056 0.186667
296 0.674653 0.232222 0.465972 0.106667
112 0.152431 0.446667 0.171528 0.168889
291 0.754167 0.478889 0.484722 0.075556
263 0.609375 0.308889 0.272917 0.140000
190 0.157639 0.392778 0.247222 0.136667
124 0.199306 0.556667 0.154167 0.240000
86 0.170833 0.391111 0.151389 0.231111