79 0.282986 0.193889 0.145139 0.198889
50 0.262500 0.141667 0.180556 0.070000
220 0.594097 0.217778 0.257639 0.206667
156 0.300694 0.413333 0.347222 0.388889
210 0.270833 0.284444 0.229167 0.180000
232 0.414236 0.161667 0.202083 0.172222
197 0.613194 0.260556 0.200000 0.274444
237 0.172917 0.306111 0.222222 0.256667
278 0.355903 0.141111 0.434028 0.128889
204 0.386111 0.195000 0.272222 0.214444
222 0.365972 0.365556 0.247222 0.228889
224 0.217361 0.527222 0.183333 0.245556
297 0.355903 0.201667 0.517361 0.081111
141 0.385069 0.423333 0.161806 0.160000
162 0.406250 0.216111 0.172222 0.256667
139 0.286458 0.326667 0.268750 0.173333