258 0.263194 0.229444 0.259722 0.118889
252 0.629167 0.208333 0.231944 0.227778
26 0.446528 0.373333 0.097222 0.048889
230 0.225000 0.346667 0.222222 0.422222
194 0.260069 0.318889 0.170139 0.180000
253 0.561111 0.269444 0.176389 0.158889
170 0.528125 0.321111 0.206250 0.215556
312 0.304167 0.402778 0.216667 0.205556
117 0.126736 0.495000 0.146528 0.178889
189 0.259722 0.218889 0.177778 0.128889
315 0.237153 0.236667 0.192361 0.200000
265 0.642014 0.230556 0.263194 0.247778
311 0.168750 0.413333 0.140278 0.157778
184 0.170486 0.134444 0.204861 0.204444
280 0.251736 0.447222 0.365972 0.205556
295 0.265278 0.462778 0.452778 0.192222
231 0.377778 0.478333 0.169444 0.154444
111 0.400694 0.111667 0.201389 0.141111