221 0.504167 0.528889 0.162500 0.171111
0 0.514583 0.234444 1.000000 0.066667
104 0.259722 0.318333 0.256944 0.201111
77 0.399306 0.370000 0.486111 0.266667
123 0.311806 0.448889 0.158333 0.208889
237 0.144792 0.411111 0.147917 0.244444
256 0.354514 0.432222 0.153472 0.191111
62 0.301389 0.152222 0.243056 0.077778
296 0.310417 0.272778 0.309722 0.070000
20 0.231250 0.315556 0.097222 0.048889
137 0.597569 0.367778 0.186806 0.188889
175 0.227778 0.363333 0.097222 0.048889
24 0.202083 0.135556 0.097222 0.048889
275 0.562153 0.483889 0.468750 0.203333
254 0.603472 0.186667 0.258333 0.253333
173 0.345139 0.384444 0.097222 0.048889
312 0.334028 0.259444 0.186111 0.176667
253 0.281944 0.086667 0.206944 0.128889
232 0.327431 0.166667 0.209028 0.240000
16 0.319097 0.309444 0.464583 0.081111
199 0.169444 0.432222 0.244444 0.228889
224 0.579861 0.316111 0.188889 0.152222
162 0.601389 0.444444 0.198611 0.273333
86 0.233333 0.255000 0.233333 0.132222
229 0.382986 0.515556 0.260417 0.175556