4 0.656597 0.445000 0.535417 0.123333
40 0.158333 0.074444 0.243056 0.077778
302 0.322917 0.263333 0.216667 0.260000
253 0.139583 0.134444 0.175000 0.220000
13 0.442708 0.359444 0.404861 0.152222
124 0.616667 0.420556 0.237500 0.176667
119 0.587153 0.283333 0.246528 0.131111
295 0.403819 0.106111 0.549306 0.090000
150 0.400694 0.511111 0.163889 0.275556
153 0.386111 0.311111 0.347222 0.388889
186 0.315278 0.141667 0.254167 0.174444
52 0.452431 0.194444 0.265972 0.084444
130 0.534722 0.158333 0.218056 0.143333
44 0.550694 0.337778 0.243056 0.077778
108 0.478125 0.131111 0.207639 0.200000
57 0.293750 0.444444 0.273611 0.088889
209 0.300000 0.223889 0.273611 0.167778