107 0.512847 0.256111 0.242361 0.112222
246 0.463889 0.467222 0.209722 0.161111
288 0.602083 0.170000 0.494444 0.122222
207 0.179167 0.314444 0.222222 0.422222
28 0.479167 0.422222 0.243056 0.077778
306 0.113194 0.137222 0.162500 0.158889
312 0.377778 0.408333 0.225000 0.152222
308 0.352083 0.423889 0.272222 0.203333
216 0.257639 0.527222 0.141667 0.234444
42 0.332639 0.074444 0.243056 0.077778
163 0.286458 0.173333 0.159028 0.222222
128 0.496528 0.261111 0.172222 0.242222
263 0.244097 0.455556 0.209028 0.271111
313 0.527431 0.371667 0.172917 0.252222
250 0.352431 0.386111 0.143750 0.187778
142 0.484028 0.483889 0.193056 0.192222
260 0.430556 0.462222 0.243056 0.211111
140 0.478125 0.261667 0.220139 0.167778
56 0.551389 0.088333 0.229167 0.081111
187 0.263542 0.177222 0.264583 0.145556
285 0.671875 0.385556 0.489583 0.180000