191 0.594097 0.250000 0.272917 0.151111
10 0.234375 0.254444 0.413194 0.202222
117 0.364931 0.221667 0.260417 0.207778
113 0.361806 0.233889 0.187500 0.232222
250 0.321875 0.503333 0.206250 0.184444
74 0.431944 0.343333 0.486111 0.266667
125 0.173611 0.390556 0.186111 0.218889
77 0.431250 0.545556 0.486111 0.266667
227 0.621875 0.430556 0.221528 0.125556
173 0.265972 0.090000 0.097222 0.048889
4 0.630208 0.460000 0.352083 0.104444
231 0.173264 0.232222 0.245139 0.162222
160 0.573958 0.383889 0.170139 0.225556
59 0.446528 0.365000 0.266667 0.110000
260 0.197917 0.275000 0.255556 0.270000
221 0.526389 0.410000 0.208333 0.204444
312 0.382986 0.414444 0.142361 0.173333