54 0.269097 0.403889 0.272917 0.105556
199 0.512500 0.301667 0.272222 0.203333
20 0.163194 0.318889 0.097222 0.048889
231 0.488194 0.490556 0.216667 0.267778
11 0.543056 0.066667 0.447222 0.071111
25 0.078472 0.287778 0.097222 0.048889
175 0.400000 0.410000 0.097222 0.048889
264 0.485069 0.171667 0.161806 0.156667
140 0.238889 0.290000 0.184722 0.193333
262 0.548264 0.182778 0.250694 0.143333
162 0.368750 0.457222 0.222222 0.143333
308 0.485069 0.547778 0.220139 0.253333
150 0.370833 0.143333 0.205556 0.206667
33 0.456944 0.258889 0.097222 0.048889
307 0.357986 0.169444 0.238194 0.225556
259 0.567014 0.188333 0.188194 0.216667