166 0.390278 0.511111 0.173611 0.208889
198 0.182986 0.201667 0.186806 0.125556
186 0.188542 0.355556 0.271528 0.251111
1 0.681944 0.351111 1.000000 0.066667
169 0.511111 0.163333 0.188889 0.233333
183 0.614583 0.524444 0.254167 0.160000
271 0.215278 0.197778 0.212500 0.226667
286 0.419444 0.266667 0.290278 0.217778
12 0.620139 0.145000 0.498611 0.121111
60 0.430903 0.417778 0.186806 0.100000
84 0.476389 0.477778 0.276389 0.244444
113 0.296528 0.154444 0.144444 0.202222
211 0.145833 0.347222 0.237500 0.265556
66 0.325694 0.635556 0.222222 0.422222
145 0.456250 0.341667 0.177778 0.134444
34 0.137500 0.306667 0.097222 0.048889
270 0.635417 0.478333 0.252778 0.243333
118 0.548958 0.476111 0.210417 0.258889
104 0.129514 0.555556 0.149306 0.251111