303 0.299306 0.536667 0.244444 0.200000
217 0.594444 0.129444 0.272222 0.203333
224 0.310417 0.523333 0.234722 0.257778
211 0.519792 0.408333 0.254861 0.214444
206 0.522917 0.322222 0.243056 0.077778
166 0.163889 0.139444 0.206944 0.147778
271 0.447917 0.303333 0.191667 0.228889
254 0.295486 0.423889 0.272917 0.196667
38 0.622222 0.106667 0.243056 0.077778
66 0.577083 0.640000 0.222222 0.422222
30 0.194097 0.468333 0.122917 0.050000
190 0.306250 0.407778 0.181944 0.142222
267 0.427083 0.319444 0.190278 0.263333