208 0.146181 0.448889 0.261806 0.148889
57 0.261111 0.468889 0.190278 0.106667
131 0.529514 0.353889 0.199306 0.167778
246 0.520139 0.242778 0.219444 0.238889
31 0.209375 0.435556 0.090972 0.040000
37 0.577083 0.075556 0.243056 0.077778
187 0.581250 0.465000 0.155556 0.254444
38 0.228472 0.215556 0.243056 0.077778
207 0.152778 0.403333 0.222222 0.422222
96 0.328472 0.132222 0.159722 0.128889
102 0.601389 0.616667 0.444444 0.444444
162 0.359028 0.491111 0.216667 0.200000
192 0.309375 0.276111 0.227083 0.243333
288 0.529167 0.409444 0.494444 0.183333
242 0.186111 0.363333 0.154167 0.271111
313 0.261806 0.378889 0.211111 0.253333
129 0.210069 0.450556 0.242361 0.236667
27 0.132639 0.083333 0.097222 0.048889
237 0.409028 0.175000 0.262500 0.125556
240 0.419444 0.363889 0.252778 0.196667
25 0.076389 0.191111 0.097222 0.048889
199 0.236806 0.515000 0.197222 0.167778
88 0.317708 0.260556 0.206250 0.125556
32 0.351389 0.092778 0.120833 0.050000