30 0.225694 0.304444 0.123611 0.044444
120 0.289931 0.173889 0.160417 0.212222
307 0.611806 0.399444 0.197222 0.241111
276 0.604861 0.237222 0.431944 0.201111
212 0.543750 0.349444 0.262500 0.150000
95 0.164583 0.145000 0.244444 0.141111
3 0.747917 0.347778 1.000000 0.066667
310 0.607292 0.334444 0.260417 0.124444
261 0.411458 0.516667 0.242361 0.180000
55 0.279167 0.314444 0.220833 0.071111
225 0.267361 0.207778 0.097222 0.048889
4 0.337153 0.156667 0.399306 0.155556
5 0.417361 0.277222 0.472222 0.103333
143 0.545486 0.545556 0.263194 0.233333
246 0.172569 0.443889 0.186806 0.132222
62 0.550000 0.380000 0.243056 0.077778
240 0.282639 0.480000 0.266667 0.222222