154 0.215278 0.288889 0.347222 0.388889
15 0.152083 0.145556 0.097222 0.048889
14 0.442014 0.380556 0.554861 0.076667
264 0.182292 0.369444 0.254861 0.223333
280 0.313194 0.485556 0.486111 0.184444
183 0.354861 0.322222 0.238889 0.253333
25 0.271528 0.385556 0.097222 0.048889
61 0.230903 0.160000 0.222917 0.080000
84 0.449306 0.485556 0.208333 0.144444
180 0.228819 0.273333 0.170139 0.204444
77 0.267361 0.374444 0.486111 0.266667
126 0.310069 0.431667 0.175694 0.145556
251 0.539931 0.204444 0.260417 0.220000
287 0.563194 0.380556 0.293056 0.101111
259 0.437847 0.395000 0.156250 0.145556
78 0.594097 0.326111 0.227083 0.252222
90 0.638194 0.573333 0.444444 0.444444
294 0.709722 0.207778 0.434722 0.100000
108 0.316667 0.118333 0.270833 0.174444
238 0.503819 0.375556 0.156250 0.226667
286 0.400000 0.449444 0.398611 0.183333
260 0.539236 0.193889 0.206250 0.192222
254 0.502431 0.548889 0.184028 0.266667
182 0.337500 0.317222 0.275000 0.256667