169 0.534375 0.170556 0.231250 0.138889
222 0.539236 0.240556 0.257639 0.263333
35 0.523611 0.413333 0.097222 0.048889
205 0.456597 0.398889 0.240972 0.128889
200 0.316667 0.441111 0.097222 0.048889
278 0.699306 0.417778 0.395833 0.113333
101 0.577778 0.239444 0.209722 0.250000
266 0.148611 0.452778 0.156944 0.125556
45 0.435417 0.457778 0.175000 0.088889
88 0.422917 0.453333 0.222222 0.253333
0 0.895139 0.410000 1.000000 0.066667
316 0.296875 0.470000 0.146528 0.162222
56 0.298958 0.458889 0.177083 0.066667
229 0.407986 0.271111 0.222917 0.224444
194 0.470486 0.167222 0.200694 0.158889
282 0.670486 0.310556 0.363194 0.132222
82 0.331944 0.435000 0.191667 0.267778
314 0.244444 0.348889 0.215278 0.142222