238 0.431250 0.289444 0.272222 0.185556
249 0.346875 0.479444 0.236806 0.141111
255 0.430556 0.115000 0.166667 0.172222
137 0.609375 0.431667 0.235417 0.192222
178 0.186806 0.223333 0.202778 0.271111
89 0.270139 0.184444 0.186111 0.120000
244 0.217014 0.215000 0.246528 0.243333
309 0.303819 0.333333 0.174306 0.173333
4 0.467361 0.120000 0.411111 0.171111
138 0.446528 0.478333 0.234722 0.203333
38 0.537500 0.154444 0.243056 0.077778
19 0.338889 0.205556 0.097222 0.048889
50 0.651042 0.438889 0.277083 0.106667
84 0.130903 0.410556 0.204861 0.245556
55 0.143750 0.426111 0.205556 0.110000