86 0.321875 0.455000 0.234028 0.130000
31 0.274306 0.280000 0.108333 0.046667
207 0.296528 0.371111 0.222222 0.422222
149 0.543056 0.642222 0.252778 0.404444
0 0.807639 0.213333 1.000000 0.066667
34 0.281250 0.374444 0.097222 0.048889
119 0.119097 0.358889 0.147917 0.233333
5 0.256944 0.472778 0.394444 0.218889
87 0.323611 0.521667 0.255556 0.261111
165 0.346875 0.238889 0.159028 0.188889
230 0.384028 0.361111 0.222222 0.422222
255 0.150347 0.263889 0.190972 0.136667
38 0.462500 0.396667 0.243056 0.077778
275 0.489236 0.341667 0.327083 0.123333
125 0.257986 0.485000 0.146528 0.185556
238 0.398611 0.230000 0.269444 0.122222
153 0.618056 0.317778 0.347222 0.388889
256 0.174306 0.156667 0.138889 0.226667
222 0.328472 0.516111 0.176389 0.190000
296 0.370139 0.391111 0.454167 0.108889
291 0.528125 0.172222 0.503472 0.153333
156 0.536806 0.440000 0.347222 0.388889
51 0.508333 0.326667 0.276389 0.068889
226 0.079861 0.248889 0.097222 0.048889