270 0.441667 0.382778 0.161111 0.247778
229 0.277431 0.170000 0.227083 0.151111
65 0.341667 0.378889 0.222222 0.422222
144 0.129514 0.376111 0.224306 0.245556
20 0.303472 0.116667 0.097222 0.048889
214 0.177083 0.387778 0.141667 0.160000
244 0.240625 0.452222 0.174306 0.215556
87 0.345833 0.293889 0.213889 0.221111
139 0.336111 0.456667 0.236111 0.117778
200 0.413194 0.055556 0.097222 0.048889
47 0.466667 0.174444 0.194444 0.088889
263 0.277431 0.407778 0.164583 0.273333
299 0.559722 0.240000 0.200000 0.271111
22 0.342361 0.293333 0.033333 0.053333
3 0.573611 0.393333 1.000000 0.066667