271 0.212153 0.149444 0.246528 0.154444
164 0.457639 0.495000 0.179167 0.161111
306 0.537847 0.356667 0.275694 0.262222
240 0.602431 0.387778 0.250694 0.168889
225 0.181250 0.388889 0.097222 0.048889
79 0.277083 0.269444 0.215278 0.276667
17 0.532292 0.137222 0.281250 0.098889
219 0.122222 0.428889 0.097222 0.048889
214 0.455208 0.348333 0.265972 0.225556
230 0.243056 0.518889 0.222222 0.422222
98 0.109722 0.223889 0.152778 0.212222
86 0.325000 0.340556 0.261111 0.181111
9 0.575000 0.538889 0.173611 0.555556
75 0.637500 0.496667 0.486111 0.266667
67 0.247222 0.447778 0.222222 0.422222
69 0.334028 0.366667 0.222222 0.422222
31 0.117014 0.200000 0.070139 0.051111
141 0.356597 0.515556 0.249306 0.148889