168 0.568750 0.383333 0.158333 0.180000
315 0.540972 0.210556 0.233333 0.132222
225 0.371528 0.106667 0.097222 0.048889
75 0.654167 0.351111 0.486111 0.266667
296 0.564583 0.182222 0.416667 0.155556
153 0.473611 0.603333 0.347222 0.388889
279 0.574306 0.206667 0.319444 0.117778
90 0.338889 0.427778 0.444444 0.444444
241 0.208681 0.493889 0.275694 0.214444
145 0.190278 0.400556 0.206944 0.112222
297 0.290625 0.288333 0.528472 0.136667
299 0.506944 0.185556 0.143056 0.180000
232 0.521528 0.340000 0.198611 0.144444
237 0.347222 0.522778 0.266667 0.256667
158 0.406944 0.395556 0.347222 0.388889
148 0.433681 0.487222 0.268750 0.121111
286 0.489931 0.255556 0.456250 0.111111
134 0.397569 0.144444 0.150694 0.117778
29 0.266319 0.222778 0.115972 0.052222
56 0.469792 0.410000 0.224306 0.073333
5 0.328125 0.238889 0.439583 0.106667
226 0.122917 0.387778 0.097222 0.048889
150 0.234028 0.495556 0.227778 0.126667