228 0.143403 0.525556 0.149306 0.226667
48 0.339583 0.334444 0.197222 0.091111
207 0.130556 0.248889 0.222222 0.422222
301 0.565972 0.348889 0.259722 0.268889
112 0.375347 0.433889 0.263194 0.207778
292 0.577431 0.142222 0.450694 0.124444
225 0.320833 0.358889 0.097222 0.048889
89 0.139931 0.232222 0.234028 0.208889
122 0.138542 0.214444 0.203472 0.166667
0 0.972222 0.186667 1.000000 0.066667
30 0.459028 0.269444 0.079167 0.050000
248 0.171875 0.466667 0.218750 0.268889
88 0.297222 0.488889 0.236111 0.195556
166 0.337153 0.482778 0.274306 0.254444
265 0.439236 0.526667 0.164583 0.242222
108 0.231944 0.214444 0.211111 0.124444
230 0.178472 0.514444 0.222222 0.422222
294 0.518750 0.357222 0.486111 0.165556
238 0.523611 0.491667 0.156944 0.145556
261 0.475347 0.295556 0.243750 0.193333
3 0.594444 0.204444 1.000000 0.066667