191 0.524306 0.207222 0.188889 0.156667
52 0.551389 0.268333 0.236111 0.081111
179 0.521875 0.208889 0.175694 0.182222
282 0.220833 0.157778 0.295833 0.193333
10 0.451042 0.329444 0.327083 0.141111
275 0.362153 0.458333 0.518750 0.085556
9 0.138194 0.417778 0.173611 0.555556
295 0.300000 0.278889 0.481944 0.126667
51 0.393056 0.086667 0.230556 0.082222
189 0.232639 0.158889 0.194444 0.180000
135 0.580208 0.466667 0.139583 0.244444
243 0.438194 0.427222 0.220833 0.176667
223 0.223611 0.543889 0.269444 0.238889