244 0.154861 0.323889 0.252778 0.136667
25 0.161806 0.068889 0.097222 0.048889
183 0.299653 0.513889 0.249306 0.163333
181 0.147569 0.346111 0.231250 0.147778
9 0.572917 0.538889 0.173611 0.555556
252 0.450000 0.457222 0.244444 0.216667
203 0.234722 0.236111 0.259722 0.185556
310 0.289236 0.341111 0.156250 0.235556
64 0.167361 0.363333 0.222222 0.422222
10 0.423958 0.268333 0.457639 0.072222
111 0.271875 0.127222 0.160417 0.150000
76 0.480556 0.315556 0.486111 0.266667
213 0.354514 0.312778 0.267361 0.161111
202 0.292361 0.541111 0.148611 0.266667
101 0.105208 0.461111 0.154861 0.246667