304 0.452431 0.392222 0.263194 0.197778
250 0.129167 0.429444 0.205556 0.185556
214 0.268403 0.472778 0.163194 0.223333
161 0.336111 0.103333 0.193056 0.117778
28 0.164583 0.228889 0.243056 0.077778
251 0.226736 0.431111 0.231250 0.153333
20 0.327083 0.327778 0.097222 0.048889
14 0.253819 0.502222 0.443750 0.133333
114 0.357639 0.398889 0.276389 0.113333
85 0.168056 0.218333 0.265278 0.267778
224 0.336806 0.453889 0.169444 0.143333
97 0.281944 0.405556 0.227778 0.233333
101 0.595833 0.473333 0.220833 0.217778
232 0.435069 0.335556 0.174306 0.262222
98 0.496528 0.220000 0.220833 0.113333
80 0.534375 0.493889 0.236806 0.203333