181 0.290972 0.155000 0.176389 0.172222
213 0.174653 0.199444 0.232639 0.190000
82 0.252083 0.265556 0.208333 0.148889
316 0.351736 0.310000 0.228472 0.124444
192 0.262153 0.406111 0.193750 0.203333
300 0.563194 0.285556 0.486111 0.266667
7 0.239583 0.403333 0.173611 0.555556
235 0.406250 0.426667 0.226389 0.208889
194 0.506597 0.346667 0.263194 0.260000
187 0.404861 0.380556 0.211111 0.163333
3 0.553472 0.117778 1.000000 0.066667
256 0.230208 0.329444 0.147917 0.147778
205 0.125347 0.198333 0.200694 0.167778
16 0.218056 0.456667 0.391667 0.148889
48 0.223958 0.087222 0.238194 0.078889
296 0.256597 0.223333 0.421528 0.080000
100 0.545833 0.340000 0.240278 0.153333
122 0.225347 0.529444 0.225694 0.265556