234 0.130208 0.147222 0.196528 0.214444
214 0.464583 0.361111 0.201389 0.166667
135 0.392708 0.451111 0.264583 0.177778
198 0.270139 0.531667 0.241667 0.256667
168 0.155903 0.550556 0.247917 0.232222
159 0.232292 0.443889 0.267361 0.256667
138 0.451736 0.144444 0.272917 0.177778
12 0.504861 0.315000 0.327778 0.176667
297 0.563542 0.477778 0.363194 0.091111
2 0.973611 0.231111 1.000000 0.066667
302 0.527778 0.330000 0.248611 0.186667
272 0.461806 0.315556 0.200000 0.133333
92 0.420486 0.452778 0.275694 0.210000
242 0.375694 0.255556 0.240278 0.222222
26 0.159722 0.366667 0.097222 0.048889
137 0.159722 0.300556 0.276389 0.147778
165 0.219444 0.476111 0.191667 0.270000
213 0.214931 0.381667 0.159028 0.185556
136 0.440972 0.456111 0.166667 0.234444
131 0.284028 0.563889 0.194444 0.254444