94 0.299306 0.130000 0.244444 0.193333
98 0.588889 0.350000 0.168056 0.262222
116 0.422569 0.237778 0.145139 0.186667
257 0.130903 0.413333 0.210417 0.142222
177 0.528819 0.471667 0.154861 0.192222
227 0.128125 0.092222 0.168750 0.111111
131 0.319097 0.246111 0.240972 0.265556
225 0.156944 0.336667 0.097222 0.048889
226 0.288194 0.160000 0.097222 0.048889
186 0.585417 0.466667 0.205556 0.153333
148 0.513889 0.112778 0.152778 0.114444
248 0.189583 0.170000 0.266667 0.242222
278 0.665278 0.381667 0.312500 0.092222
233 0.209722 0.131111 0.172222 0.117778
200 0.158333 0.434444 0.097222 0.048889
210 0.177778 0.505000 0.163889 0.238889
133 0.193056 0.265556 0.184722 0.257778
12 0.201042 0.444444 0.304861 0.180000
21 0.463194 0.233333 0.097222 0.048889