209 0.147222 0.409444 0.141667 0.136667
167 0.358681 0.191667 0.272917 0.190000
56 0.300347 0.195000 0.272917 0.076667
60 0.472222 0.474444 0.276389 0.086667
271 0.588542 0.373333 0.222917 0.124444
120 0.513542 0.232222 0.264583 0.246667
213 0.355208 0.280556 0.263194 0.258889
193 0.486111 0.196667 0.243056 0.262222
38 0.629861 0.336667 0.243056 0.077778
7 0.404167 0.512222 0.173611 0.555556
250 0.428472 0.155000 0.179167 0.261111
84 0.411458 0.223889 0.256250 0.158889
214 0.480556 0.438889 0.169444 0.124444
129 0.290278 0.452778 0.140278 0.234444
16 0.698611 0.163889 0.486111 0.218889
160 0.402778 0.531111 0.250000 0.182222
13 0.247222 0.242778 0.286111 0.112222
165 0.108333 0.123889 0.147222 0.196667