148 0.236111 0.253333 0.270833 0.242222
25 0.338194 0.434444 0.097222 0.048889
273 0.570833 0.312778 0.209722 0.138889
210 0.301042 0.263889 0.234028 0.270000
28 0.444444 0.083333 0.243056 0.077778
304 0.146875 0.312222 0.188194 0.126667
33 0.270833 0.265556 0.097222 0.048889
95 0.352083 0.195000 0.245833 0.130000
251 0.535417 0.325000 0.220833 0.185556
75 0.478472 0.170000 0.486111 0.266667
81 0.592708 0.367222 0.179861 0.152222
141 0.255208 0.494444 0.184028 0.211111
193 0.249306 0.398889 0.222222 0.153333
123 0.451389 0.200556 0.223611 0.194444
308 0.588194 0.471111 0.230556 0.162222
7 0.497917 0.441111 0.173611 0.555556