6 0.463542 0.448333 0.552083 0.130000
261 0.289583 0.408889 0.277778 0.184444
298 0.665278 0.226667 0.554167 0.215556
285 0.443750 0.484444 0.422222 0.124444
17 0.609722 0.196111 0.530556 0.116667
7 0.423611 0.626667 0.173611 0.555556
10 0.622222 0.337222 0.419444 0.181111
181 0.512153 0.161111 0.215972 0.162222
178 0.556944 0.295000 0.150000 0.154444
201 0.277778 0.103333 0.097222 0.048889
116 0.519792 0.113889 0.245139 0.150000
203 0.262153 0.502222 0.242361 0.186667
62 0.235417 0.164444 0.243056 0.077778
244 0.142014 0.526111 0.156250 0.178889
37 0.486111 0.442222 0.243056 0.077778
295 0.540625 0.420556 0.549306 0.078889