214 0.422569 0.332778 0.264583 0.134444
303 0.622569 0.413889 0.234028 0.241111
280 0.214931 0.238333 0.336806 0.083333
192 0.269097 0.424444 0.181250 0.213333
23 0.445833 0.413333 0.033333 0.053333
206 0.346528 0.332222 0.243056 0.077778
314 0.395486 0.349444 0.199306 0.176667
204 0.387153 0.480000 0.239583 0.226667
68 0.244444 0.290000 0.222222 0.422222
66 0.297917 0.425556 0.222222 0.422222
211 0.331944 0.178889 0.155556 0.195556
287 0.628125 0.349444 0.431250 0.205556
27 0.276389 0.451111 0.097222 0.048889
278 0.461806 0.211667 0.279167 0.081111
225 0.355556 0.310000 0.097222 0.048889
80 0.202778 0.271667 0.202778 0.118889
51 0.216667 0.368889 0.205556 0.106667
212 0.547917 0.458889 0.165278 0.117778
292 0.500000 0.466667 0.404167 0.088889
130 0.395139 0.199444 0.180556 0.143333
160 0.630556 0.277222 0.252778 0.203333
41 0.357639 0.394444 0.243056 0.077778
282 0.352431 0.301111 0.328472 0.208889
305 0.469792 0.330556 0.197917 0.192222
313 0.290278 0.262222 0.172222 0.226667