305 0.288889 0.566111 0.211111 0.261111
36 0.573611 0.172222 0.243056 0.077778
242 0.366667 0.172222 0.269444 0.215556
129 0.171875 0.182222 0.242361 0.226667
272 0.543750 0.237778 0.240278 0.122222
260 0.478472 0.151111 0.201389 0.122222
121 0.161458 0.385556 0.236806 0.111111
39 0.405556 0.301111 0.243056 0.077778
130 0.353472 0.181111 0.231944 0.162222
168 0.334722 0.290556 0.180556 0.256667
3 0.628472 0.156667 1.000000 0.066667
234 0.563194 0.243333 0.251389 0.191111
13 0.323264 0.208889 0.285417 0.088889
312 0.192361 0.286667 0.255556 0.240000
158 0.429167 0.523333 0.347222 0.388889
45 0.295139 0.353333 0.273611 0.084444
182 0.267361 0.276111 0.227778 0.194444
66 0.356944 0.655556 0.222222 0.422222
135 0.470139 0.507222 0.275000 0.156667
169 0.586806 0.277778 0.162500 0.228889