80 0.217708 0.391111 0.268750 0.220000
131 0.226042 0.386111 0.228472 0.274444
124 0.186458 0.130556 0.218750 0.134444
307 0.134028 0.128333 0.240278 0.183333
127 0.229861 0.498333 0.148611 0.234444
221 0.195139 0.521667 0.241667 0.265556
95 0.187847 0.480000 0.234028 0.251111
278 0.684028 0.145000 0.344444 0.127778
132 0.615972 0.356111 0.223611 0.141111
178 0.208333 0.317778 0.168056 0.268889
200 0.084722 0.092222 0.097222 0.048889
29 0.215972 0.417222 0.094444 0.047778
22 0.159722 0.332222 0.033333 0.053333
126 0.511458 0.512778 0.245139 0.172222
186 0.382639 0.516111 0.197222 0.152222
172 0.513194 0.417222 0.183333 0.225556