230 0.398611 0.563333 0.222222 0.422222
228 0.593056 0.429444 0.266667 0.207778
14 0.447917 0.328333 0.536111 0.194444
283 0.701042 0.300556 0.428472 0.083333
199 0.404514 0.393889 0.186806 0.243333
217 0.457986 0.131111 0.275694 0.184444
277 0.601042 0.307222 0.368750 0.116667
273 0.358681 0.259444 0.217361 0.270000
48 0.391319 0.072222 0.193750 0.100000
215 0.585069 0.468889 0.204861 0.188889
284 0.322917 0.156111 0.395833 0.201111
27 0.275694 0.290000 0.097222 0.048889
279 0.694097 0.435556 0.460417 0.162222
250 0.358333 0.225000 0.230556 0.267778
165 0.546875 0.391111 0.265972 0.117778
24 0.357639 0.433333 0.097222 0.048889
272 0.123611 0.538333 0.186111 0.225556
191 0.540625 0.262222 0.272917 0.244444
226 0.431944 0.194444 0.097222 0.048889