129 0.103472 0.374444 0.173611 0.235556
75 0.395139 0.398889 0.486111 0.266667
184 0.330903 0.115556 0.170139 0.162222
34 0.244444 0.320000 0.097222 0.048889
115 0.540278 0.137778 0.173611 0.191111
237 0.505903 0.467222 0.203472 0.238889
293 0.641319 0.366111 0.399306 0.125556
174 0.340972 0.461111 0.097222 0.048889
160 0.435069 0.154444 0.260417 0.255556
151 0.328125 0.413889 0.245139 0.183333
211 0.220486 0.497778 0.206250 0.128889
168 0.331597 0.352222 0.184028 0.213333
196 0.448264 0.284444 0.171528 0.148889
122 0.431250 0.137778 0.140278 0.146667
50 0.413542 0.224444 0.218750 0.084444
141 0.128819 0.402222 0.139583 0.275556
310 0.240972 0.241111 0.231944 0.115556