285 0.359028 0.466111 0.397222 0.112222
243 0.370486 0.207222 0.203472 0.181111
22 0.118056 0.381111 0.033333 0.053333
48 0.261111 0.218889 0.222222 0.084444
252 0.405208 0.205556 0.265972 0.246667
104 0.432986 0.191667 0.277083 0.252222
131 0.318403 0.297222 0.267361 0.192222
101 0.317014 0.106667 0.192361 0.128889
134 0.573611 0.141667 0.244444 0.138889
253 0.396528 0.270000 0.170833 0.153333
260 0.306250 0.451667 0.195833 0.198889
296 0.434722 0.198333 0.359722 0.132222
125 0.592708 0.425000 0.234028 0.252222
91 0.144097 0.507778 0.239583 0.153333
155 0.567361 0.634444 0.347222 0.388889
192 0.357986 0.422222 0.240972 0.224444
258 0.269792 0.241667 0.249306 0.118889
57 0.362153 0.287222 0.217361 0.087778
308 0.246181 0.364444 0.202083 0.151111