46 0.409375 0.379444 0.202083 0.070000
176 0.639931 0.323333 0.264583 0.168889
3 0.892361 0.090000 1.000000 0.066667
77 0.268750 0.400000 0.486111 0.266667
255 0.315278 0.426667 0.225000 0.162222
161 0.307639 0.336111 0.269444 0.143333
209 0.166319 0.303333 0.263194 0.168889
92 0.402431 0.143333 0.271528 0.115556
190 0.459375 0.276667 0.243750 0.257778
100 0.280208 0.372778 0.272917 0.192222
95 0.137847 0.228333 0.164583 0.183333
188 0.348611 0.226667 0.268056 0.184444
213 0.385764 0.508889 0.239583 0.177778
157 0.474306 0.365556 0.347222 0.388889
296 0.567014 0.286667 0.497917 0.175556
264 0.277778 0.392778 0.165278 0.274444
103 0.439931 0.452778 0.140972 0.214444
288 0.222222 0.431111 0.280556 0.066667