22 0.202778 0.211111 0.033333 0.053333
212 0.605903 0.104444 0.263194 0.157778
1 0.755556 0.372222 1.000000 0.066667
50 0.334028 0.216667 0.215278 0.073333
201 0.470139 0.302222 0.097222 0.048889
242 0.467708 0.309444 0.238194 0.254444
32 0.134722 0.132222 0.073611 0.046667
63 0.354167 0.245556 0.222222 0.422222
285 0.379167 0.203333 0.337500 0.177778
281 0.327431 0.297222 0.399306 0.070000
148 0.481250 0.255556 0.145833 0.153333
177 0.265625 0.368889 0.189583 0.248889
190 0.198611 0.146111 0.161111 0.245556
225 0.304861 0.392222 0.097222 0.048889
227 0.202083 0.432778 0.183333 0.194444
316 0.248264 0.115556 0.156250 0.126667
198 0.196181 0.296111 0.182639 0.125556