90 0.373611 0.512222 0.444444 0.444444
37 0.136806 0.252222 0.243056 0.077778
45 0.434375 0.230000 0.189583 0.091111
139 0.302083 0.258333 0.138889 0.150000
278 0.675694 0.188333 0.420833 0.190000
185 0.459028 0.415556 0.183333 0.273333
244 0.255903 0.362222 0.235417 0.117778
176 0.134375 0.250556 0.186806 0.156667
189 0.206250 0.305556 0.187500 0.211111
1 0.940278 0.434444 1.000000 0.066667
281 0.492708 0.457778 0.343750 0.153333
144 0.382639 0.447222 0.215278 0.183333
246 0.588889 0.536667 0.155556 0.206667
112 0.439931 0.387778 0.206250 0.217778
173 0.527083 0.396667 0.097222 0.048889
215 0.335069 0.178889 0.197917 0.171111
266 0.602083 0.502222 0.211111 0.182222
307 0.206944 0.476111 0.143056 0.123333
163 0.492361 0.123333 0.148611 0.151111
311 0.460417 0.237778 0.187500 0.271111
166 0.537153 0.485556 0.277083 0.180000
153 0.586111 0.501111 0.347222 0.388889
181 0.160417 0.303889 0.231944 0.238889