14 0.711111 0.359444 0.505556 0.178889
64 0.287500 0.526667 0.222222 0.422222
223 0.494444 0.401667 0.236111 0.181111
205 0.350694 0.435556 0.154167 0.171111
311 0.169444 0.287222 0.276389 0.214444
241 0.512153 0.360000 0.172917 0.268889
30 0.073264 0.456667 0.082639 0.040000
278 0.746528 0.296667 0.487500 0.186667
76 0.343750 0.177778 0.486111 0.266667
185 0.516667 0.201111 0.193056 0.240000
51 0.468403 0.247778 0.211806 0.082222
208 0.330903 0.430556 0.161806 0.156667
246 0.561458 0.262778 0.142361 0.141111
35 0.155556 0.312222 0.097222 0.048889