53 0.208681 0.315556 0.229861 0.093333
224 0.244792 0.483333 0.257639 0.237778
174 0.284722 0.121111 0.097222 0.048889
310 0.275000 0.300556 0.236111 0.116667
69 0.305556 0.442222 0.222222 0.422222
192 0.456597 0.405000 0.184028 0.198889
278 0.286458 0.141667 0.406250 0.154444
71 0.298264 0.284444 0.179861 0.188889
136 0.327431 0.336667 0.167361 0.213333
255 0.148264 0.257222 0.154861 0.241111
249 0.204167 0.150000 0.216667 0.244444
81 0.169792 0.241667 0.143750 0.258889
171 0.279167 0.106111 0.220833 0.136667
95 0.296875 0.337222 0.247917 0.125556
274 0.556597 0.141667 0.236806 0.198889
251 0.194792 0.358889 0.270139 0.146667
263 0.485417 0.407778 0.140278 0.217778
173 0.386806 0.346667 0.097222 0.048889
296 0.273611 0.318889 0.337500 0.188889
38 0.557639 0.326667 0.243056 0.077778
308 0.547917 0.439444 0.275000 0.136667
162 0.347569 0.460556 0.264583 0.205556
207 0.443056 0.571111 0.222222 0.422222
158 0.211111 0.306667 0.347222 0.388889