140 0.398611 0.416667 0.186111 0.157778
48 0.337500 0.166111 0.211111 0.110000
128 0.604514 0.533889 0.235417 0.232222
206 0.588194 0.451111 0.243056 0.077778
86 0.424653 0.252778 0.160417 0.236667
216 0.215625 0.248333 0.184028 0.261111
41 0.175694 0.292222 0.243056 0.077778
225 0.361806 0.375556 0.097222 0.048889
223 0.192014 0.221667 0.211806 0.230000
51 0.385069 0.146667 0.232639 0.104444
280 0.278819 0.132222 0.329861 0.137778
112 0.559722 0.308333 0.243056 0.203333
162 0.482292 0.126667 0.225694 0.200000