221 0.376042 0.407778 0.186806 0.188889
307 0.156597 0.151667 0.221528 0.250000
32 0.269792 0.467778 0.118750 0.046667
260 0.141667 0.467778 0.194444 0.226667
81 0.456597 0.492222 0.182639 0.200000
289 0.186806 0.197778 0.337500 0.191111
87 0.190625 0.420556 0.235417 0.181111
62 0.253472 0.182222 0.243056 0.077778
82 0.597569 0.261111 0.259028 0.204444
168 0.507292 0.269444 0.261806 0.263333
173 0.148611 0.123333 0.097222 0.048889
229 0.456597 0.390556 0.271528 0.181111
299 0.260417 0.262222 0.225000 0.237778
316 0.203472 0.297222 0.156944 0.187778
132 0.203125 0.159444 0.275694 0.198889
243 0.356250 0.429444 0.262500 0.174444