306 0.195833 0.447222 0.238889 0.172222
118 0.211111 0.207222 0.273611 0.154444
43 0.243750 0.142222 0.243056 0.077778
227 0.294097 0.570556 0.170139 0.270000
128 0.146528 0.417778 0.259722 0.208889
10 0.273958 0.293889 0.345139 0.205556
188 0.496528 0.525556 0.237500 0.177778
65 0.186806 0.488889 0.222222 0.422222
264 0.207292 0.228889 0.257639 0.257778
178 0.173958 0.266111 0.163194 0.176667
252 0.354514 0.165000 0.177083 0.138889
24 0.547222 0.332222 0.097222 0.048889
17 0.271181 0.551667 0.334028 0.218889
26 0.090972 0.093333 0.097222 0.048889
131 0.375694 0.510000 0.176389 0.202222
270 0.592014 0.466667 0.207639 0.253333
113 0.437500 0.373333 0.209722 0.177778
206 0.179167 0.142222 0.243056 0.077778
93 0.538889 0.367222 0.143056 0.194444