199 0.531944 0.127778 0.270833 0.148889
124 0.427083 0.471667 0.251389 0.156667
254 0.312847 0.518333 0.259028 0.216667
100 0.169444 0.317778 0.162500 0.231111
13 0.642014 0.152222 0.506250 0.175556
92 0.485069 0.225556 0.142361 0.204444
313 0.378819 0.182778 0.257639 0.141111
47 0.273611 0.152778 0.225000 0.094444
168 0.236458 0.379444 0.145139 0.261111
89 0.170486 0.280556 0.177083 0.230000
220 0.221875 0.248333 0.247917 0.250000
42 0.236111 0.245556 0.243056 0.077778
283 0.689931 0.305000 0.531250 0.123333