24 0.513194 0.427778 0.097222 0.048889
140 0.157639 0.544444 0.211111 0.220000
87 0.189583 0.423889 0.148611 0.236667
186 0.611111 0.260556 0.243056 0.232222
152 0.586806 0.152222 0.193056 0.160000
99 0.502431 0.392222 0.170139 0.160000
226 0.447222 0.113333 0.097222 0.048889
132 0.258681 0.254444 0.254861 0.248889
304 0.306597 0.257222 0.153472 0.152222
142 0.568750 0.549444 0.266667 0.212222
116 0.195486 0.349444 0.139583 0.161111
218 0.127431 0.304444 0.154861 0.184444
63 0.204167 0.620000 0.222222 0.422222
130 0.306597 0.490000 0.190972 0.240000
10 0.278472 0.445000 0.515278 0.083333
183 0.153472 0.322778 0.226389 0.161111
101 0.584375 0.420556 0.179861 0.158889
48 0.551736 0.298889 0.231250 0.084444
103 0.282292 0.427778 0.232639 0.262222
90 0.704167 0.283333 0.444444 0.444444
117 0.441319 0.483333 0.209028 0.175556