177 0.532639 0.310000 0.148611 0.131111
166 0.351736 0.488333 0.225694 0.207778
111 0.413542 0.401111 0.182639 0.264444
237 0.520486 0.300556 0.182639 0.174444
255 0.392708 0.318333 0.265972 0.245556
31 0.146181 0.063333 0.097917 0.042222
92 0.526736 0.205000 0.153472 0.252222
314 0.294097 0.318889 0.263194 0.182222
290 0.510417 0.093889 0.343056 0.143333
233 0.514583 0.376667 0.227778 0.253333
14 0.725694 0.127778 0.543056 0.066667
278 0.500347 0.393333 0.546528 0.171111
195 0.513889 0.520000 0.212500 0.215556
229 0.511111 0.146111 0.173611 0.210000