305 0.154167 0.336667 0.270833 0.246667
312 0.185069 0.285000 0.247917 0.201111
215 0.477083 0.163889 0.180556 0.214444
268 0.438542 0.467222 0.147917 0.163333
121 0.228819 0.158333 0.268750 0.205556
157 0.511806 0.594444 0.347222 0.388889
177 0.524653 0.386667 0.272917 0.160000
181 0.534028 0.122222 0.272222 0.113333
66 0.211111 0.454444 0.222222 0.422222
60 0.236806 0.458889 0.205556 0.095556
129 0.247917 0.302222 0.259722 0.180000
148 0.571181 0.496667 0.182639 0.153333
55 0.188889 0.248333 0.180556 0.087778
27 0.156944 0.447778 0.097222 0.048889
250 0.159028 0.267778 0.194444 0.113333
211 0.312847 0.161667 0.249306 0.225556
86 0.277778 0.383333 0.240278 0.131111
277 0.349306 0.444444 0.322222 0.148889
114 0.338542 0.540000 0.163194 0.224444
106 0.211111 0.197778 0.138889 0.122222
259 0.617708 0.258333 0.224306 0.152222
296 0.590278 0.373889 0.369444 0.216667
161 0.228472 0.441667 0.169444 0.272222
34 0.521528 0.062222 0.097222 0.048889