161 0.451736 0.318889 0.190972 0.115556
211 0.270139 0.454444 0.256944 0.142222
129 0.122917 0.475000 0.181944 0.158889
295 0.534722 0.418333 0.341667 0.136667
29 0.207292 0.085556 0.072917 0.044444
166 0.566667 0.412778 0.229167 0.183333
99 0.104861 0.139444 0.180556 0.207778
314 0.259722 0.177222 0.172222 0.243333
236 0.106597 0.488889 0.153472 0.215556
104 0.149653 0.512222 0.197917 0.153333
4 0.374653 0.118889 0.399306 0.084444
1 0.986111 0.437778 1.000000 0.066667
300 0.535417 0.215556 0.486111 0.266667
68 0.460417 0.442222 0.222222 0.422222
281 0.590972 0.231667 0.551389 0.070000
215 0.378472 0.558333 0.233333 0.247778
285 0.251736 0.116111 0.395139 0.116667