136 0.189236 0.337778 0.227083 0.173333
235 0.518750 0.420000 0.275000 0.182222
217 0.498611 0.109444 0.163889 0.114444
162 0.185764 0.144444 0.257639 0.153333
155 0.606944 0.460000 0.347222 0.388889
47 0.177778 0.348333 0.259722 0.081111
51 0.178125 0.180556 0.177083 0.103333
268 0.126736 0.417222 0.202083 0.185556
219 0.295833 0.133333 0.097222 0.048889
0 0.706250 0.407778 1.000000 0.066667
285 0.388542 0.339444 0.488194 0.125556
252 0.180208 0.402222 0.207639 0.231111
278 0.521528 0.178333 0.419444 0.163333
174 0.478472 0.332222 0.097222 0.048889
220 0.315278 0.231111 0.184722 0.231111
62 0.190278 0.400000 0.243056 0.077778
117 0.391667 0.330556 0.252778 0.245556
146 0.404861 0.486667 0.208333 0.195556
166 0.157986 0.334444 0.177083 0.182222