271 0.311806 0.228889 0.277778 0.206667
122 0.468750 0.152222 0.190278 0.213333
218 0.512153 0.456667 0.250694 0.142222
290 0.649653 0.272778 0.529861 0.196667
118 0.547917 0.139444 0.273611 0.187778
100 0.209375 0.422778 0.239583 0.183333
97 0.148611 0.432222 0.143056 0.240000
5 0.625000 0.374444 0.398611 0.095556
83 0.415972 0.137222 0.179167 0.216667
226 0.352778 0.076667 0.097222 0.048889
285 0.605903 0.301111 0.502083 0.211111
3 0.640278 0.218889 1.000000 0.066667
79 0.160069 0.469444 0.182639 0.121111
212 0.142361 0.149444 0.169444 0.216667