298 0.784722 0.463333 0.551389 0.122222
267 0.192708 0.103333 0.225694 0.140000
223 0.610764 0.326667 0.210417 0.180000
201 0.543750 0.418889 0.097222 0.048889
133 0.272917 0.210000 0.173611 0.184444
176 0.396875 0.299444 0.157639 0.276667
143 0.234375 0.253889 0.221528 0.210000
123 0.153819 0.185000 0.184028 0.234444
164 0.345833 0.215000 0.141667 0.174444
272 0.244792 0.165000 0.147917 0.187778
275 0.225000 0.098889 0.341667 0.124444
26 0.319444 0.334444 0.097222 0.048889
289 0.616667 0.450556 0.336111 0.090000
108 0.466667 0.490000 0.219444 0.266667
314 0.249653 0.402778 0.163194 0.161111