25 0.290278 0.052222 0.097222 0.048889
173 0.492361 0.241111 0.097222 0.048889
162 0.192708 0.196111 0.184028 0.143333
273 0.526042 0.506111 0.270139 0.238889
99 0.160069 0.183889 0.214583 0.125556
114 0.381250 0.153889 0.168056 0.196667
19 0.165972 0.115556 0.097222 0.048889
223 0.541319 0.443889 0.274306 0.183333
245 0.230556 0.411667 0.259722 0.158889
94 0.390972 0.553333 0.275000 0.268889
276 0.283681 0.301667 0.439583 0.203333
75 0.554167 0.192222 0.486111 0.266667
193 0.267361 0.358333 0.144444 0.247778
5 0.517708 0.210000 0.313194 0.193333
10 0.547222 0.163333 0.498611 0.097778
280 0.643056 0.470000 0.513889 0.171111
35 0.284028 0.200000 0.097222 0.048889
267 0.610069 0.307778 0.200694 0.240000
275 0.274653 0.374444 0.481250 0.175556
262 0.517014 0.407778 0.149306 0.166667
263 0.579514 0.192222 0.161806 0.111111
6 0.634028 0.255000 0.416667 0.118889
238 0.383333 0.400556 0.161111 0.234444
97 0.184375 0.179444 0.190972 0.196667
21 0.207639 0.187778 0.097222 0.048889