250 0.483333 0.305000 0.269444 0.254444
81 0.248958 0.208333 0.153472 0.145556
133 0.396875 0.490556 0.234028 0.125556
315 0.397222 0.425000 0.144444 0.187778
209 0.269792 0.486111 0.163194 0.270000
281 0.308333 0.367222 0.420833 0.218889
169 0.382986 0.153889 0.243750 0.252222
186 0.266667 0.323889 0.256944 0.234444
275 0.686806 0.132778 0.425000 0.110000
0 0.612500 0.458889 1.000000 0.066667
260 0.141319 0.248889 0.209028 0.126667
94 0.187847 0.401667 0.218750 0.276667
130 0.474653 0.179444 0.229861 0.178889
53 0.505208 0.226111 0.196528 0.096667
21 0.387500 0.068889 0.097222 0.048889
40 0.448611 0.086667 0.243056 0.077778
299 0.490972 0.400556 0.247222 0.245556
267 0.527778 0.145556 0.238889 0.237778
176 0.312500 0.305000 0.179167 0.196667
256 0.568750 0.345556 0.252778 0.146667
43 0.197917 0.246667 0.243056 0.077778
180 0.543750 0.128889 0.154167 0.113333
107 0.544792 0.465556 0.231250 0.277778