64 0.428472 0.404444 0.222222 0.422222
221 0.310069 0.280000 0.140972 0.113333
262 0.202778 0.328333 0.245833 0.112222
293 0.610764 0.396111 0.306250 0.141111
88 0.276042 0.114444 0.259028 0.137778
233 0.427083 0.206667 0.219444 0.164444
107 0.363194 0.506667 0.151389 0.133333
126 0.204514 0.492222 0.268750 0.200000
163 0.295139 0.208889 0.169444 0.226667
136 0.269444 0.423333 0.273611 0.220000
141 0.279514 0.546667 0.229861 0.222222
79 0.514931 0.210000 0.150694 0.271111
7 0.534028 0.467778 0.173611 0.555556
0 0.735417 0.343333 1.000000 0.066667