62 0.543750 0.275556 0.243056 0.077778
281 0.365278 0.253333 0.390278 0.122222
76 0.590278 0.454444 0.486111 0.266667
288 0.520139 0.139444 0.523611 0.130000
291 0.574653 0.371667 0.432639 0.174444
29 0.152431 0.168333 0.097917 0.043333
167 0.234028 0.180000 0.195833 0.200000
214 0.552083 0.295556 0.169444 0.240000
283 0.332986 0.402222 0.350694 0.182222
71 0.200347 0.160556 0.167361 0.187778
208 0.311111 0.240000 0.190278 0.235556
38 0.241667 0.287778 0.243056 0.077778
181 0.121181 0.492222 0.206250 0.253333
2 0.535417 0.215556 1.000000 0.066667
274 0.635764 0.237778 0.250694 0.197778
78 0.180903 0.290000 0.245139 0.213333
303 0.183333 0.485000 0.181944 0.221111
157 0.525694 0.441111 0.347222 0.388889
239 0.224653 0.265556 0.193750 0.162222
169 0.501736 0.145000 0.153472 0.221111