271 0.519097 0.252222 0.228472 0.120000
211 0.375347 0.455000 0.261806 0.218889
71 0.360417 0.148333 0.198611 0.163333
184 0.409028 0.147222 0.165278 0.196667
185 0.140278 0.278333 0.218056 0.234444
247 0.376042 0.257778 0.160417 0.277778
57 0.325347 0.444444 0.210417 0.071111
59 0.386806 0.182222 0.270833 0.106667
257 0.475694 0.158889 0.261111 0.162222
309 0.226042 0.506111 0.207639 0.136667
98 0.579861 0.416111 0.193056 0.241111
115 0.328472 0.404444 0.177778 0.246667
114 0.301389 0.513889 0.204167 0.252222
11 0.240278 0.131667 0.372222 0.081111
86 0.567014 0.268889 0.188194 0.153333
13 0.520486 0.427222 0.306250 0.101111
152 0.276736 0.363889 0.178472 0.176667
242 0.503472 0.536111 0.216667 0.241111
298 0.456250 0.466111 0.337500 0.074444
150 0.552778 0.425000 0.212500 0.232222
297 0.209028 0.520000 0.329167 0.204444