100 0.218403 0.453889 0.229861 0.136667
249 0.196181 0.181111 0.234028 0.200000
118 0.373958 0.515000 0.209028 0.152222
224 0.116319 0.252222 0.178472 0.197778
32 0.465278 0.274444 0.109722 0.053333
102 0.303472 0.322222 0.444444 0.444444
204 0.488194 0.326111 0.240278 0.178889
153 0.525694 0.360000 0.347222 0.388889
33 0.213194 0.421111 0.097222 0.048889
164 0.338542 0.374444 0.172917 0.162222
277 0.383681 0.258889 0.464583 0.084444
82 0.565972 0.280000 0.241667 0.228889
253 0.522222 0.276111 0.227778 0.265556
195 0.150694 0.163333 0.265278 0.131111
269 0.192361 0.253333 0.251389 0.180000
296 0.444097 0.466667 0.482639 0.162222
298 0.412500 0.114444 0.480556 0.108889
150 0.496528 0.546667 0.151389 0.220000
119 0.290972 0.256111 0.200000 0.125556
35 0.289583 0.364444 0.097222 0.048889
290 0.414236 0.337222 0.281250 0.156667