33 0.069444 0.124444 0.097222 0.048889
131 0.197569 0.137778 0.252083 0.111111
194 0.300694 0.298889 0.245833 0.162222
22 0.166667 0.223333 0.033333 0.053333
18 0.350694 0.380000 0.363889 0.180000
89 0.343750 0.278333 0.216667 0.241111
172 0.224306 0.544444 0.191667 0.208889
96 0.309375 0.207778 0.164583 0.202222
101 0.253472 0.183889 0.194444 0.187778
98 0.186111 0.508333 0.244444 0.207778
121 0.308681 0.265556 0.214583 0.195556
259 0.500694 0.340556 0.173611 0.167778
218 0.144097 0.181111 0.161806 0.137778
7 0.184722 0.590000 0.173611 0.555556
295 0.509375 0.107778 0.470139 0.095556
247 0.612500 0.521667 0.245833 0.158889
72 0.548264 0.282222 0.142361 0.195556
113 0.486806 0.313889 0.215278 0.245556
271 0.429167 0.136111 0.179167 0.210000
115 0.463194 0.304444 0.140278 0.266667
185 0.129861 0.145556 0.202778 0.128889
266 0.447569 0.197222 0.275694 0.192222
13 0.297569 0.236667 0.282639 0.140000
238 0.417708 0.370000 0.197917 0.266667
36 0.549306 0.403333 0.243056 0.077778