24 0.513194 0.281111 0.097222 0.048889
294 0.595486 0.121111 0.468750 0.142222
13 0.471181 0.462778 0.346528 0.190000
63 0.513194 0.562222 0.222222 0.422222
263 0.407292 0.145556 0.170139 0.131111
313 0.250347 0.330556 0.275694 0.154444
32 0.089931 0.326667 0.109028 0.042222
261 0.437153 0.182222 0.224306 0.191111
195 0.324653 0.402778 0.185417 0.114444
179 0.160764 0.296111 0.261806 0.201111
85 0.606250 0.166111 0.262500 0.141111
269 0.290972 0.271111 0.150000 0.133333
289 0.589931 0.446111 0.504861 0.161111
242 0.343403 0.274444 0.234028 0.117778
304 0.242361 0.187222 0.156944 0.172222
197 0.111111 0.326111 0.143056 0.150000
129 0.448958 0.515556 0.192361 0.153333