51 0.618403 0.430000 0.240972 0.102222
116 0.612500 0.382778 0.233333 0.181111
89 0.381250 0.519444 0.188889 0.172222
139 0.312500 0.270556 0.197222 0.247778
47 0.389583 0.415000 0.183333 0.085556
234 0.247917 0.306667 0.254167 0.220000
142 0.587153 0.366111 0.222917 0.192222
284 0.538194 0.351111 0.490278 0.166667
136 0.108681 0.144444 0.185417 0.193333
113 0.232292 0.203333 0.171528 0.240000
227 0.354514 0.241667 0.227083 0.114444
62 0.332639 0.384444 0.243056 0.077778
308 0.207986 0.188889 0.228472 0.228889
270 0.387500 0.232222 0.234722 0.115556
12 0.716667 0.511667 0.431944 0.178889
310 0.504861 0.485556 0.272222 0.184444
202 0.462500 0.401111 0.275000 0.226667
209 0.192361 0.530000 0.215278 0.191111
183 0.519097 0.401667 0.242361 0.212222