78 0.358333 0.400556 0.150000 0.147778
33 0.160417 0.220000 0.097222 0.048889
190 0.503472 0.153333 0.154167 0.142222
75 0.316667 0.454444 0.486111 0.266667
285 0.602083 0.233333 0.450000 0.188889
209 0.191667 0.506667 0.156944 0.251111
177 0.585417 0.163333 0.177778 0.244444
120 0.259722 0.256667 0.211111 0.277778
40 0.248611 0.346667 0.243056 0.077778
223 0.179167 0.199444 0.180556 0.198889
99 0.243403 0.310000 0.257639 0.168889
273 0.468750 0.487222 0.212500 0.118889
234 0.196875 0.221667 0.249306 0.243333
38 0.611806 0.158889 0.243056 0.077778
106 0.263194 0.312778 0.166667 0.183333
179 0.342361 0.222778 0.175000 0.147778
82 0.522917 0.280000 0.155556 0.137778