35 0.144444 0.367778 0.097222 0.048889
112 0.427431 0.098889 0.234028 0.146667
300 0.553472 0.194444 0.486111 0.266667
110 0.605208 0.306111 0.199306 0.125556
307 0.270139 0.330556 0.188889 0.161111
115 0.262847 0.223333 0.142361 0.195556
305 0.226042 0.318333 0.157639 0.252222
250 0.270486 0.133889 0.234028 0.118889
116 0.544792 0.218889 0.184028 0.168889
1 0.800694 0.214444 1.000000 0.066667
246 0.580903 0.178333 0.186806 0.194444
221 0.521528 0.405556 0.200000 0.164444
170 0.334028 0.160556 0.212500 0.201111
93 0.538542 0.231111 0.215972 0.233333
11 0.571181 0.220000 0.321528 0.095556
164 0.231944 0.361667 0.277778 0.174444
127 0.387847 0.155000 0.274306 0.147778
21 0.258333 0.076667 0.097222 0.048889
283 0.579861 0.301667 0.422222 0.074444
302 0.265972 0.400000 0.187500 0.222222
202 0.451042 0.421667 0.257639 0.187778