310 0.345139 0.274444 0.202778 0.257778
245 0.345486 0.478333 0.149306 0.163333
89 0.322569 0.273333 0.271528 0.142222
45 0.185069 0.396111 0.270139 0.110000
19 0.196528 0.251111 0.097222 0.048889
102 0.410417 0.288889 0.444444 0.444444
147 0.183333 0.633333 0.334722 0.535556
203 0.509722 0.214444 0.215278 0.173333
27 0.100694 0.347778 0.097222 0.048889
281 0.428125 0.318889 0.300694 0.160000
3 0.852778 0.261111 1.000000 0.066667
66 0.456944 0.360000 0.222222 0.422222
298 0.408333 0.281111 0.527778 0.213333
174 0.377778 0.203333 0.097222 0.048889
197 0.322917 0.383889 0.208333 0.227778
100 0.193403 0.258333 0.186806 0.252222
122 0.171528 0.432222 0.169444 0.146667
92 0.245486 0.527778 0.254861 0.186667
256 0.297569 0.538333 0.157639 0.272222
140 0.141319 0.384444 0.168750 0.182222
14 0.522569 0.257222 0.418750 0.116667
205 0.508333 0.473333 0.175000 0.211111
273 0.251042 0.223333 0.152083 0.215556
154 0.222222 0.231111 0.347222 0.388889
44 0.236111 0.204444 0.243056 0.077778