104 0.303125 0.487778 0.214583 0.166667
206 0.331250 0.304444 0.243056 0.077778
294 0.662500 0.230556 0.533333 0.127778
128 0.482292 0.118333 0.174306 0.143333
182 0.562153 0.148889 0.170139 0.142222
102 0.454167 0.662222 0.444444 0.444444
112 0.291319 0.489444 0.215972 0.216667
300 0.418750 0.202222 0.486111 0.266667
231 0.625694 0.564444 0.229167 0.248889
153 0.320833 0.554444 0.347222 0.388889
233 0.201389 0.526667 0.277778 0.202222
82 0.384375 0.234444 0.175694 0.133333
281 0.172917 0.150000 0.281944 0.215556
266 0.281597 0.407222 0.181250 0.210000
239 0.264236 0.130000 0.152083 0.171111