202 0.411806 0.167778 0.265278 0.126667
91 0.168403 0.502222 0.271528 0.197778
149 0.615278 0.432222 0.252778 0.404444
15 0.294444 0.453333 0.097222 0.048889
145 0.265278 0.476667 0.148611 0.124444
247 0.488889 0.396111 0.155556 0.225556
197 0.341667 0.328889 0.204167 0.144444
227 0.542014 0.261667 0.210417 0.247778
229 0.339236 0.295556 0.156250 0.120000
80 0.256250 0.551111 0.243056 0.266667
245 0.192361 0.265000 0.263889 0.276667
167 0.434028 0.214444 0.197222 0.126667
52 0.579514 0.448889 0.242361 0.104444
93 0.243403 0.521667 0.265972 0.221111
43 0.475694 0.327778 0.243056 0.077778
256 0.316319 0.104444 0.228472 0.164444
207 0.325000 0.613333 0.222222 0.422222
190 0.530208 0.157778 0.232639 0.202222
148 0.361806 0.213333 0.276389 0.186667