249 0.505208 0.360556 0.202083 0.256667
222 0.255903 0.317222 0.254861 0.136667
206 0.282639 0.236667 0.243056 0.077778
56 0.252431 0.118333 0.261806 0.072222
159 0.508333 0.427778 0.186111 0.171111
86 0.129514 0.172222 0.188194 0.151111
6 0.542708 0.243889 0.510417 0.070000
13 0.523264 0.520000 0.374306 0.186667
122 0.373958 0.135556 0.152083 0.120000
181 0.522222 0.158333 0.170833 0.196667
74 0.294444 0.231111 0.486111 0.266667
282 0.275347 0.456111 0.296528 0.118889
47 0.567014 0.214444 0.211806 0.091111
53 0.495833 0.114444 0.205556 0.077778
230 0.400000 0.287778 0.222222 0.422222
315 0.466667 0.511667 0.206944 0.218889
261 0.287847 0.202778 0.174306 0.130000
142 0.440625 0.117222 0.177083 0.167778
119 0.355903 0.215000 0.145139 0.147778
24 0.313889 0.156667 0.097222 0.048889
310 0.300694 0.400556 0.173611 0.247778
139 0.410417 0.303889 0.165278 0.238889
133 0.192708 0.148333 0.202083 0.152222
51 0.337847 0.361111 0.221528 0.082222
29 0.532986 0.218889 0.077083 0.048889