291 0.435764 0.148889 0.296528 0.115556
182 0.357986 0.436111 0.231250 0.167778
252 0.331250 0.272222 0.143056 0.228889
245 0.325347 0.474444 0.250694 0.228889
305 0.409028 0.175556 0.215278 0.157778
1 0.672917 0.474444 1.000000 0.066667
35 0.144444 0.145556 0.097222 0.048889
15 0.436806 0.354444 0.097222 0.048889
172 0.488542 0.390000 0.209028 0.233333
215 0.217708 0.301667 0.243750 0.243333
307 0.304861 0.565000 0.241667 0.252222
158 0.386111 0.454444 0.347222 0.388889
207 0.409722 0.492222 0.222222 0.422222
257 0.328125 0.441111 0.260417 0.191111
288 0.323958 0.483333 0.411806 0.091111
264 0.147222 0.115000 0.197222 0.165556
36 0.583333 0.447778 0.243056 0.077778
133 0.353819 0.456667 0.179861 0.224444
211 0.331597 0.173889 0.204861 0.167778
112 0.448958 0.346111 0.217361 0.241111
0 0.797222 0.300000 1.000000 0.066667
277 0.626042 0.277778 0.395139 0.153333
198 0.486111 0.186667 0.194444 0.157778