161 0.318056 0.550000 0.147222 0.275556
313 0.139583 0.156667 0.198611 0.224444
239 0.298611 0.567778 0.240278 0.277778
62 0.372917 0.203333 0.243056 0.077778
183 0.544444 0.513333 0.213889 0.206667
279 0.630903 0.457222 0.360417 0.196667
88 0.336111 0.286111 0.226389 0.147778
295 0.236806 0.515000 0.362500 0.201111
166 0.467708 0.112222 0.195139 0.120000
310 0.363194 0.368889 0.187500 0.126667
302 0.406597 0.163333 0.277083 0.242222
40 0.172222 0.223333 0.243056 0.077778
263 0.465278 0.382778 0.188889 0.214444