54 0.591667 0.199444 0.183333 0.090000
5 0.308681 0.125556 0.435417 0.160000
314 0.476042 0.081667 0.170139 0.112222
68 0.369444 0.403333 0.222222 0.422222
230 0.372917 0.618889 0.222222 0.422222
220 0.591319 0.182778 0.159028 0.216667
136 0.254861 0.162222 0.233333 0.193333
251 0.544792 0.252778 0.263194 0.194444
209 0.332292 0.198333 0.165972 0.192222
15 0.295139 0.224444 0.097222 0.048889
200 0.232639 0.121111 0.097222 0.048889
264 0.448264 0.186667 0.224306 0.206667
90 0.397917 0.308889 0.444444 0.444444
59 0.338194 0.131667 0.218056 0.107778
23 0.231944 0.065556 0.033333 0.053333
75 0.376389 0.458889 0.486111 0.266667
60 0.273611 0.417222 0.243056 0.105556
45 0.492361 0.123889 0.184722 0.096667