183 0.217014 0.226111 0.246528 0.123333
244 0.496528 0.496111 0.219444 0.196667
71 0.487500 0.523889 0.237500 0.223333
173 0.117361 0.428889 0.097222 0.048889
180 0.499306 0.165556 0.252778 0.237778
268 0.281944 0.350556 0.154167 0.138889
69 0.163194 0.266667 0.222222 0.422222
4 0.547917 0.417222 0.322222 0.070000
94 0.448611 0.395556 0.138889 0.251111
289 0.703125 0.191111 0.465972 0.086667
291 0.565625 0.523333 0.500694 0.215556
196 0.468056 0.297222 0.222222 0.247778
70 0.539236 0.452222 0.240972 0.248889
104 0.555556 0.233333 0.147222 0.251111
41 0.470139 0.098889 0.243056 0.077778
221 0.421528 0.433333 0.179167 0.135556
56 0.246528 0.296667 0.233333 0.088889
274 0.580208 0.218333 0.221528 0.112222
181 0.468750 0.517222 0.172222 0.167778
288 0.368403 0.370000 0.546528 0.184444
157 0.516667 0.365556 0.347222 0.388889
91 0.556944 0.230556 0.273611 0.178889
87 0.294097 0.347778 0.146528 0.115556