11 0.311111 0.355000 0.516667 0.103333
301 0.272917 0.185556 0.238889 0.173333
247 0.508333 0.493333 0.251389 0.128889
178 0.470833 0.513889 0.229167 0.256667
316 0.362500 0.360000 0.165278 0.251111
33 0.547917 0.070000 0.097222 0.048889
278 0.574306 0.450556 0.300000 0.134444
148 0.454861 0.498889 0.266667 0.202222
21 0.097917 0.280000 0.097222 0.048889
89 0.148264 0.506111 0.246528 0.238889
282 0.600000 0.178889 0.319444 0.135556
239 0.206944 0.400556 0.166667 0.167778
158 0.197917 0.408889 0.347222 0.388889
276 0.343750 0.143889 0.390278 0.185556
104 0.263889 0.143889 0.143056 0.190000
212 0.143750 0.253889 0.159722 0.270000
258 0.150694 0.483333 0.248611 0.128889
194 0.308681 0.347778 0.139583 0.206667