259 0.634722 0.141667 0.241667 0.185556
309 0.371528 0.207778 0.237500 0.182222
193 0.179167 0.466111 0.168056 0.158889
26 0.147917 0.442222 0.097222 0.048889
220 0.367361 0.338333 0.181944 0.223333
302 0.465972 0.537222 0.252778 0.187778
300 0.604861 0.433333 0.486111 0.266667
268 0.423611 0.167222 0.211111 0.147778
306 0.199306 0.486111 0.184722 0.136667
190 0.411458 0.273333 0.242361 0.233333
111 0.570486 0.473333 0.179861 0.137778
35 0.106250 0.458889 0.097222 0.048889
28 0.216667 0.325556 0.243056 0.077778