216 0.346875 0.465000 0.259028 0.125556
198 0.370139 0.270556 0.176389 0.178889
38 0.608333 0.274444 0.243056 0.077778
117 0.604167 0.301111 0.245833 0.244444
207 0.131944 0.351111 0.222222 0.422222
286 0.453819 0.199444 0.531250 0.190000
73 0.520833 0.177778 0.241667 0.111111
167 0.469097 0.338889 0.164583 0.222222
251 0.477778 0.286111 0.141667 0.192222
265 0.575347 0.426111 0.260417 0.123333
179 0.590278 0.272222 0.276389 0.260000
236 0.225347 0.249444 0.221528 0.194444
119 0.491667 0.447222 0.193056 0.236667