197 0.587847 0.512222 0.228472 0.246667
237 0.329861 0.357778 0.143056 0.266667
14 0.417014 0.293333 0.445139 0.073333
4 0.627431 0.284444 0.428472 0.084444
59 0.393403 0.158889 0.218750 0.093333
204 0.567014 0.543333 0.181250 0.215556
33 0.068056 0.466667 0.097222 0.048889
216 0.408333 0.465556 0.144444 0.240000
171 0.101042 0.517778 0.145139 0.186667
36 0.627778 0.453333 0.243056 0.077778
287 0.252083 0.331111 0.419444 0.202222
254 0.203472 0.255000 0.187500 0.270000
89 0.161458 0.429444 0.195139 0.250000