164 0.516667 0.193333 0.154167 0.228889
187 0.393056 0.321111 0.265278 0.131111
272 0.526042 0.137778 0.227083 0.197778
103 0.287153 0.415000 0.192361 0.163333
35 0.398611 0.441111 0.097222 0.048889
229 0.194792 0.155556 0.175694 0.120000
220 0.567708 0.503333 0.181250 0.244444
233 0.509028 0.449444 0.275000 0.250000
2 0.861111 0.231111 1.000000 0.066667
172 0.334028 0.131667 0.173611 0.132222
304 0.597222 0.513333 0.222222 0.197778
141 0.545486 0.270556 0.181250 0.145556
245 0.264236 0.333889 0.170139 0.154444
204 0.360764 0.194444 0.171528 0.260000
315 0.422917 0.132778 0.209722 0.127778
178 0.381250 0.197778 0.211111 0.217778
223 0.216319 0.319444 0.256250 0.147778
252 0.554167 0.461111 0.187500 0.211111
212 0.136111 0.452778 0.191667 0.272222
34 0.523611 0.162222 0.097222 0.048889
307 0.518056 0.140000 0.166667 0.133333
115 0.239931 0.360556 0.203472 0.143333
197 0.356944 0.200556 0.258333 0.167778
144 0.217361 0.438333 0.225000 0.147778