223 0.239236 0.398889 0.161806 0.115556
45 0.538542 0.072778 0.260417 0.092222
215 0.372569 0.181111 0.218750 0.257778
62 0.515972 0.288889 0.243056 0.077778
133 0.361111 0.501111 0.275000 0.117778
238 0.327431 0.342222 0.277083 0.231111
277 0.244097 0.471667 0.286806 0.125556
213 0.506597 0.226111 0.234028 0.174444
118 0.160764 0.277222 0.265972 0.156667
212 0.580903 0.535556 0.261806 0.204444
83 0.365278 0.341667 0.191667 0.187778
172 0.194097 0.162222 0.139583 0.146667
298 0.511111 0.137222 0.506944 0.154444
206 0.359722 0.404444 0.243056 0.077778
44 0.501389 0.231111 0.243056 0.077778
281 0.350000 0.260556 0.300000 0.161111
234 0.470486 0.533333 0.161806 0.215556
144 0.102083 0.135556 0.163889 0.122222
247 0.272222 0.501111 0.205556 0.120000
250 0.291319 0.220000 0.156250 0.133333
255 0.176389 0.561111 0.230556 0.246667
119 0.310069 0.477222 0.272917 0.258889