241 0.353819 0.155556 0.154861 0.233333
138 0.626736 0.512222 0.264583 0.173333
252 0.209028 0.516111 0.245833 0.205556
72 0.359722 0.111667 0.216667 0.116667
239 0.152778 0.519444 0.226389 0.216667
33 0.539583 0.188889 0.097222 0.048889
31 0.237500 0.243333 0.118056 0.044444
191 0.267361 0.311111 0.143056 0.251111
92 0.407986 0.190000 0.215972 0.115556
38 0.185417 0.230000 0.243056 0.077778
265 0.208681 0.346667 0.167361 0.128889
25 0.524306 0.142222 0.097222 0.048889
124 0.441319 0.478333 0.225694 0.138889
311 0.205208 0.095000 0.203472 0.112222
142 0.301736 0.473889 0.265972 0.207778
262 0.475000 0.483889 0.218056 0.138889
193 0.366319 0.251667 0.238194 0.150000
217 0.467361 0.298333 0.177778 0.123333
197 0.117361 0.112222 0.169444 0.124444
240 0.168403 0.385556 0.213194 0.120000
126 0.321528 0.200556 0.230556 0.243333
119 0.252431 0.190000 0.264583 0.184444
305 0.386806 0.080000 0.168056 0.115556
302 0.372569 0.104444 0.140972 0.137778
214 0.097917 0.284444 0.156944 0.246667