112 0.098611 0.270000 0.159722 0.242222
195 0.177431 0.244444 0.199306 0.137778
145 0.498264 0.299444 0.149306 0.252222
313 0.603125 0.240000 0.252083 0.228889
0 0.945139 0.323333 1.000000 0.066667
73 0.490625 0.200000 0.189583 0.217778
303 0.164931 0.237222 0.207639 0.263333
134 0.167361 0.467778 0.263889 0.237778
128 0.426042 0.281667 0.143750 0.263333
301 0.271875 0.518889 0.252083 0.184444
87 0.404514 0.347778 0.139583 0.220000
291 0.639236 0.376667 0.503472 0.135556
132 0.614583 0.252222 0.215278 0.226667
33 0.484722 0.214444 0.097222 0.048889
72 0.530556 0.322778 0.245833 0.176667
106 0.153819 0.457778 0.240972 0.197778
174 0.478472 0.407778 0.097222 0.048889
286 0.319444 0.432222 0.377778 0.206667
242 0.390625 0.216667 0.165972 0.142222
18 0.715972 0.183333 0.529167 0.206667
205 0.450000 0.269444 0.236111 0.272222
172 0.433681 0.438333 0.167361 0.178889
24 0.490972 0.120000 0.097222 0.048889
140 0.176736 0.432222 0.253472 0.168889
43 0.368750 0.260000 0.243056 0.077778