111 0.383681 0.434444 0.209028 0.246667
4 0.685764 0.100000 0.399306 0.100000
185 0.382639 0.205556 0.252778 0.257778
266 0.439236 0.171111 0.225694 0.186667
151 0.211806 0.255000 0.193056 0.236667
77 0.413889 0.162222 0.486111 0.266667
46 0.293750 0.200000 0.216667 0.097778
192 0.229861 0.320556 0.177778 0.154444
157 0.489583 0.455556 0.347222 0.388889
3 0.815972 0.467778 1.000000 0.066667
79 0.187847 0.426667 0.154861 0.148889
242 0.130903 0.227778 0.218750 0.197778
22 0.272222 0.236667 0.033333 0.053333
305 0.397569 0.577778 0.157639 0.275556
240 0.153819 0.276667 0.165972 0.255556
128 0.520833 0.252778 0.204167 0.116667
289 0.413194 0.478889 0.336111 0.180000
115 0.345833 0.415000 0.175000 0.270000
291 0.427431 0.324444 0.484028 0.108889
174 0.350694 0.155556 0.097222 0.048889
257 0.156597 0.336667 0.184028 0.128889
125 0.515972 0.505000 0.258333 0.225556
104 0.345486 0.347222 0.256250 0.207778