141 0.213194 0.530000 0.200000 0.224444
250 0.179861 0.466667 0.255556 0.113333
254 0.248958 0.200556 0.177083 0.241111
182 0.381597 0.461111 0.221528 0.146667
100 0.146875 0.514444 0.160417 0.217778
32 0.201042 0.456667 0.085417 0.046667
272 0.427083 0.394444 0.213889 0.202222
57 0.510069 0.228333 0.274306 0.072222
279 0.582639 0.456111 0.512500 0.145556
63 0.238194 0.608889 0.222222 0.422222
275 0.506944 0.247778 0.295833 0.200000
217 0.504514 0.506111 0.163194 0.138889
176 0.503472 0.540556 0.145833 0.198889
266 0.494444 0.217778 0.179167 0.182222