88 0.346875 0.218333 0.211806 0.172222
52 0.296528 0.406667 0.183333 0.088889
198 0.405208 0.227222 0.211806 0.212222
95 0.544097 0.425556 0.263194 0.220000
275 0.522917 0.502778 0.375000 0.165556
73 0.510764 0.171667 0.143750 0.241111
168 0.580903 0.526667 0.245139 0.195556
294 0.626389 0.401111 0.552778 0.160000
80 0.522222 0.252222 0.162500 0.151111
44 0.486806 0.062222 0.243056 0.077778
270 0.286458 0.491667 0.232639 0.238889
297 0.424306 0.251667 0.519444 0.201111
85 0.275694 0.402222 0.230556 0.226667
212 0.470139 0.153333 0.234722 0.115556
111 0.289236 0.226667 0.156250 0.186667
264 0.409028 0.272778 0.229167 0.138889
195 0.457292 0.356111 0.192361 0.161111
47 0.547569 0.445556 0.236806 0.093333
115 0.569097 0.496667 0.177083 0.200000
89 0.462847 0.362222 0.227083 0.208889
71 0.383681 0.460556 0.214583 0.227778
201 0.451389 0.397778 0.097222 0.048889
143 0.443056 0.178333 0.194444 0.247778