149 0.465278 0.521111 0.252778 0.404444
167 0.332639 0.197778 0.148611 0.220000
243 0.500694 0.396111 0.193056 0.214444
94 0.380903 0.176667 0.188194 0.146667
16 0.693403 0.365000 0.488194 0.194444
142 0.415972 0.359444 0.140278 0.170000
118 0.595833 0.257222 0.195833 0.150000
288 0.677083 0.436111 0.333333 0.196667
208 0.554514 0.373889 0.256250 0.167778
120 0.239236 0.451111 0.143750 0.253333
168 0.124306 0.412778 0.154167 0.274444
44 0.282639 0.450000 0.243056 0.077778
163 0.502431 0.391667 0.143750 0.183333
185 0.555903 0.376111 0.254861 0.223333
66 0.379167 0.373333 0.222222 0.422222
59 0.140625 0.488333 0.189583 0.098889
79 0.227778 0.100556 0.227778 0.145556
2 0.586806 0.076667 1.000000 0.066667
303 0.582986 0.340000 0.182639 0.180000
194 0.196875 0.324444 0.203472 0.206667
169 0.397569 0.263333 0.197917 0.200000
46 0.465625 0.128889 0.192361 0.082222
31 0.059375 0.057778 0.074306 0.051111
11 0.358333 0.361667 0.405556 0.165556