150 0.295833 0.560000 0.218056 0.246667
298 0.189236 0.396111 0.339583 0.141111
63 0.559722 0.425556 0.222222 0.422222
169 0.354167 0.182222 0.269444 0.231111
227 0.285417 0.371111 0.175000 0.228889
302 0.603472 0.341111 0.187500 0.251111
224 0.300347 0.335556 0.195139 0.193333
171 0.361806 0.357778 0.269444 0.148889
17 0.487500 0.136667 0.555556 0.102222
193 0.228125 0.244444 0.234028 0.200000
76 0.756250 0.371111 0.486111 0.266667
246 0.194097 0.474444 0.150694 0.175556
264 0.532986 0.471667 0.202083 0.261111
23 0.034722 0.097778 0.033333 0.053333
140 0.554514 0.398889 0.231250 0.155556
253 0.511111 0.428333 0.243056 0.234444
108 0.592708 0.162778 0.214583 0.194444
170 0.339583 0.518333 0.215278 0.230000
113 0.180903 0.148333 0.160417 0.243333
102 0.390278 0.406667 0.444444 0.444444
10 0.644097 0.525556 0.495139 0.200000
50 0.417708 0.456667 0.214583 0.073333
37 0.370139 0.460000 0.243056 0.077778