158 0.493750 0.516667 0.347222 0.388889
76 0.431250 0.216667 0.486111 0.266667
204 0.403472 0.411111 0.200000 0.200000
131 0.493750 0.453333 0.150000 0.177778
84 0.093056 0.417778 0.138889 0.197778
186 0.454167 0.248333 0.166667 0.136667
89 0.606597 0.533889 0.211806 0.230000
276 0.632986 0.474444 0.371528 0.100000
94 0.600000 0.253333 0.231944 0.193333
175 0.127083 0.447778 0.097222 0.048889
191 0.448264 0.298333 0.196528 0.236667
143 0.542708 0.286667 0.275694 0.162222
142 0.396181 0.540556 0.197917 0.194444
251 0.562847 0.175556 0.250694 0.146667
82 0.159722 0.143333 0.255556 0.146667
124 0.600000 0.427778 0.252778 0.157778
275 0.178819 0.378333 0.327083 0.172222
33 0.395139 0.136667 0.097222 0.048889
13 0.690625 0.326111 0.499306 0.092222
81 0.435069 0.518889 0.220139 0.155556
103 0.170486 0.352222 0.185417 0.168889
307 0.532986 0.496667 0.146528 0.275556