88 0.174653 0.531111 0.196528 0.228889
269 0.322917 0.340000 0.230556 0.246667
180 0.567361 0.548889 0.254167 0.268889
216 0.369792 0.162778 0.197917 0.236667
275 0.337847 0.327778 0.538194 0.095556
35 0.277083 0.270000 0.097222 0.048889
117 0.246181 0.221667 0.215972 0.158889
8 0.238889 0.477778 0.173611 0.555556
164 0.179861 0.291667 0.272222 0.234444
51 0.242708 0.332778 0.220139 0.101111
244 0.601389 0.103889 0.215278 0.152222
240 0.539583 0.255556 0.270833 0.115556
26 0.177778 0.306667 0.097222 0.048889