163 0.332292 0.512222 0.249306 0.244444
16 0.216319 0.406667 0.286806 0.122222
68 0.231250 0.238889 0.222222 0.422222
273 0.248958 0.189444 0.235417 0.270000
112 0.236458 0.531111 0.185417 0.186667
179 0.514583 0.448889 0.211111 0.144444
69 0.220139 0.528889 0.222222 0.422222
272 0.234375 0.285556 0.184028 0.131111
227 0.530208 0.202222 0.231250 0.204444
212 0.217708 0.115000 0.200694 0.141111
298 0.323611 0.381667 0.488889 0.103333
187 0.556944 0.481111 0.241667 0.242222
148 0.208333 0.323333 0.231944 0.266667