36 0.557639 0.315556 0.243056 0.077778
26 0.337500 0.235556 0.097222 0.048889
16 0.275000 0.328333 0.491667 0.212222
253 0.478125 0.345556 0.242361 0.244444
305 0.297917 0.286667 0.150000 0.117778
160 0.177431 0.306111 0.267361 0.127778
231 0.430556 0.255556 0.233333 0.160000
191 0.426736 0.108333 0.238194 0.167778
83 0.238542 0.245000 0.149306 0.261111
46 0.229514 0.435000 0.186806 0.094444
25 0.532639 0.126667 0.097222 0.048889
104 0.515278 0.338333 0.201389 0.114444
27 0.102778 0.243333 0.097222 0.048889
29 0.410069 0.432778 0.074306 0.052222
248 0.275694 0.371667 0.172222 0.274444
122 0.141319 0.523889 0.218750 0.241111
12 0.370486 0.284444 0.371528 0.164444
149 0.211806 0.587778 0.252778 0.404444
11 0.666319 0.457778 0.499306 0.137778
182 0.228819 0.169444 0.171528 0.201111
73 0.502083 0.339444 0.176389 0.158889
256 0.478472 0.502778 0.237500 0.252222
295 0.298611 0.170556 0.459722 0.116667
82 0.473264 0.438889 0.267361 0.255556