239 0.459722 0.211111 0.154167 0.146667
99 0.642708 0.291111 0.277083 0.148889
127 0.355208 0.180556 0.163194 0.261111
136 0.514931 0.337222 0.140972 0.212222
261 0.609722 0.332778 0.205556 0.263333
14 0.253125 0.469444 0.367361 0.121111
161 0.245486 0.166111 0.181250 0.205556
152 0.456250 0.105000 0.219444 0.125556
22 0.075694 0.184444 0.033333 0.053333
157 0.572917 0.636667 0.347222 0.388889
108 0.168403 0.549444 0.240972 0.214444
135 0.214583 0.387778 0.144444 0.186667
309 0.360764 0.508889 0.214583 0.128889
55 0.458681 0.368333 0.238194 0.103333
256 0.298611 0.259444 0.220833 0.272222
68 0.536806 0.314444 0.222222 0.422222
156 0.670833 0.453333 0.347222 0.388889
184 0.366667 0.432778 0.198611 0.114444
283 0.639931 0.488333 0.324306 0.136667
116 0.530208 0.081111 0.246528 0.117778
88 0.569792 0.210000 0.263194 0.242222
147 0.372917 0.551111 0.334722 0.535556
221 0.492014 0.488333 0.186806 0.250000
167 0.525347 0.276667 0.139583 0.271111
260 0.502778 0.246111 0.256944 0.143333
107 0.343403 0.125000 0.188194 0.170000