106 0.276042 0.341667 0.172917 0.192222
87 0.580208 0.192222 0.247917 0.177778
35 0.360417 0.323333 0.097222 0.048889
306 0.577083 0.492778 0.143056 0.214444
16 0.297917 0.486667 0.305556 0.084444
209 0.519097 0.523333 0.221528 0.246667
17 0.322917 0.328333 0.445833 0.156667
27 0.095139 0.437778 0.097222 0.048889
36 0.168056 0.452222 0.243056 0.077778
102 0.506944 0.314444 0.444444 0.444444
193 0.204514 0.219444 0.171528 0.123333
159 0.490625 0.495000 0.220139 0.205556
299 0.522569 0.404444 0.210417 0.142222
69 0.163194 0.580000 0.222222 0.422222
65 0.238194 0.602222 0.222222 0.422222
269 0.527431 0.213333 0.218750 0.151111
49 0.305556 0.114444 0.226389 0.080000
67 0.443056 0.404444 0.222222 0.422222
206 0.629167 0.447778 0.243056 0.077778
116 0.117708 0.482222 0.188194 0.113333
152 0.382986 0.470556 0.263194 0.161111
28 0.275000 0.474444 0.243056 0.077778
260 0.460764 0.195000 0.210417 0.143333
227 0.372569 0.200000 0.257639 0.162222
181 0.618056 0.288889 0.268056 0.175556