168 0.145833 0.216111 0.202778 0.112222
39 0.366667 0.126667 0.243056 0.077778
63 0.625000 0.515556 0.222222 0.422222
289 0.296875 0.253333 0.335417 0.171111
239 0.268403 0.137222 0.210417 0.114444
74 0.735417 0.411111 0.486111 0.266667
204 0.271181 0.181667 0.247917 0.210000
201 0.552778 0.135556 0.097222 0.048889
173 0.391667 0.215556 0.097222 0.048889
134 0.509722 0.232778 0.263889 0.170000
13 0.289583 0.366667 0.545833 0.193333
212 0.630903 0.217222 0.270139 0.254444
229 0.279167 0.275556 0.209722 0.117778
234 0.606250 0.261111 0.269444 0.262222
183 0.503819 0.135556 0.267361 0.122222
253 0.575347 0.486667 0.195139 0.224444
309 0.469444 0.171667 0.277778 0.167778
165 0.467014 0.238889 0.252083 0.273333
178 0.351389 0.351667 0.205556 0.201111
161 0.525347 0.177222 0.222917 0.196667