139 0.152778 0.165000 0.218056 0.243333
205 0.398958 0.167778 0.214583 0.240000
239 0.299653 0.393333 0.242361 0.213333
96 0.553472 0.280556 0.225000 0.143333
253 0.530903 0.154444 0.257639 0.188889
233 0.449306 0.391667 0.248611 0.183333
316 0.572569 0.190000 0.224306 0.160000
193 0.301389 0.407222 0.173611 0.223333
57 0.359722 0.265556 0.186111 0.068889
92 0.392361 0.425000 0.151389 0.190000
216 0.510069 0.166111 0.188194 0.163333
124 0.520486 0.154444 0.239583 0.133333
19 0.236111 0.097778 0.097222 0.048889