169 0.203472 0.282778 0.195833 0.181111
73 0.556597 0.304444 0.139583 0.177778
306 0.611111 0.308333 0.200000 0.118889
198 0.172917 0.509444 0.194444 0.161111
307 0.240972 0.466111 0.190278 0.234444
10 0.303819 0.340000 0.535417 0.215556
279 0.692361 0.224444 0.484722 0.197778
182 0.534722 0.259444 0.220833 0.112222
22 0.085417 0.355556 0.033333 0.053333
38 0.141667 0.460000 0.243056 0.077778
208 0.301042 0.232222 0.152083 0.184444
186 0.273611 0.328889 0.156944 0.215556
104 0.245833 0.420556 0.272222 0.165556
256 0.277083 0.351111 0.243056 0.153333
170 0.157639 0.381111 0.245833 0.231111
278 0.216319 0.239444 0.286806 0.216667
206 0.335417 0.472222 0.243056 0.077778
0 0.538194 0.322222 1.000000 0.066667
213 0.354861 0.285556 0.229167 0.277778
53 0.369792 0.090556 0.225694 0.072222
69 0.345833 0.458889 0.222222 0.422222
95 0.328819 0.360000 0.217361 0.111111
66 0.279167 0.653333 0.222222 0.422222
54 0.630903 0.323333 0.270139 0.102222
94 0.190972 0.157778 0.180556 0.177778