45 0.627431 0.352222 0.240972 0.073333
168 0.339236 0.442778 0.272917 0.207778
125 0.311458 0.126667 0.238194 0.171111
14 0.513889 0.502778 0.504167 0.194444
4 0.376389 0.282778 0.351389 0.158889
108 0.502083 0.177778 0.238889 0.128889
111 0.578472 0.385556 0.240278 0.111111
215 0.085417 0.201111 0.140278 0.226667
76 0.358333 0.212222 0.486111 0.266667
87 0.546181 0.514444 0.259028 0.175556
246 0.319444 0.249444 0.261111 0.141111
140 0.584375 0.393333 0.218750 0.251111
102 0.620833 0.582222 0.444444 0.444444
80 0.329861 0.396111 0.237500 0.178889
89 0.488194 0.306111 0.161111 0.230000
41 0.399306 0.423333 0.243056 0.077778
207 0.496528 0.627778 0.222222 0.422222
27 0.325694 0.428889 0.097222 0.048889