307 0.476042 0.278333 0.220139 0.118889
188 0.535417 0.367778 0.231944 0.148889
0 0.677083 0.218889 1.000000 0.066667
298 0.645833 0.097222 0.512500 0.096667
197 0.270833 0.260000 0.266667 0.268889
28 0.348611 0.235556 0.243056 0.077778
227 0.334722 0.202778 0.177778 0.261111
137 0.206250 0.540556 0.200000 0.194444
118 0.422569 0.242778 0.154861 0.138889
159 0.437847 0.402222 0.218750 0.155556
269 0.618750 0.476667 0.240278 0.204444
228 0.140972 0.298333 0.151389 0.218889
69 0.598611 0.335556 0.222222 0.422222
263 0.258681 0.550000 0.274306 0.260000
106 0.558333 0.246111 0.259722 0.190000
59 0.422569 0.448889 0.271528 0.086667
267 0.534375 0.334444 0.161806 0.244444