138 0.521528 0.240000 0.175000 0.217778
36 0.542361 0.364444 0.243056 0.077778
31 0.375694 0.191111 0.109722 0.040000
276 0.754514 0.532222 0.539583 0.206667
29 0.212153 0.143333 0.102083 0.044444
142 0.402778 0.172778 0.155556 0.192222
280 0.365625 0.195556 0.371528 0.160000
201 0.500000 0.276667 0.097222 0.048889
47 0.251389 0.470000 0.209722 0.075556
237 0.428125 0.405000 0.236806 0.192222
120 0.265278 0.261667 0.258333 0.123333
161 0.381944 0.366111 0.269444 0.254444
287 0.575000 0.420000 0.383333 0.188889
243 0.350694 0.131667 0.148611 0.207778
127 0.532292 0.143333 0.190972 0.233333
164 0.546875 0.468333 0.163194 0.247778
197 0.343750 0.506111 0.200000 0.161111
42 0.519444 0.112222 0.243056 0.077778
303 0.344792 0.506667 0.249306 0.126667
311 0.248264 0.465556 0.252083 0.164444
314 0.196875 0.222222 0.190972 0.186667
266 0.220833 0.267778 0.240278 0.153333