230 0.282639 0.594444 0.222222 0.422222
146 0.382292 0.369444 0.172917 0.172222
233 0.240625 0.208333 0.210417 0.263333
166 0.412500 0.316111 0.276389 0.138889
162 0.431944 0.409444 0.195833 0.176667
173 0.354861 0.203333 0.097222 0.048889
232 0.281944 0.387222 0.151389 0.245556
316 0.337500 0.332778 0.215278 0.192222
114 0.579861 0.280556 0.193056 0.172222
244 0.512847 0.201667 0.274306 0.170000
25 0.554167 0.357778 0.097222 0.048889
38 0.579861 0.355556 0.243056 0.077778
54 0.563889 0.125000 0.206944 0.087778
240 0.359375 0.131111 0.246528 0.180000
197 0.603819 0.531111 0.232639 0.211111
108 0.170833 0.417778 0.180556 0.131111
42 0.186806 0.471111 0.243056 0.077778
258 0.284722 0.277778 0.233333 0.264444
139 0.107639 0.553333 0.184722 0.257778
82 0.436458 0.345556 0.145139 0.140000
34 0.404861 0.075556 0.097222 0.048889
251 0.167014 0.525556 0.275694 0.215556
140 0.520139 0.322778 0.250000 0.130000
116 0.550694 0.466667 0.213889 0.113333
70 0.414583 0.314444 0.208333 0.151111
107 0.588542 0.356667 0.168750 0.173333