81 0.476736 0.276111 0.222917 0.196667
305 0.477431 0.487778 0.247917 0.120000
127 0.181250 0.132778 0.245833 0.118889
91 0.253819 0.457222 0.222917 0.225556
12 0.645833 0.336667 0.550000 0.195556
26 0.276389 0.448889 0.097222 0.048889
298 0.331944 0.461667 0.468056 0.214444
303 0.126042 0.356111 0.171528 0.163333
84 0.245833 0.259444 0.159722 0.134444
254 0.604514 0.497778 0.199306 0.162222
157 0.450694 0.542222 0.347222 0.388889
214 0.379861 0.220000 0.206944 0.111111
18 0.419792 0.321667 0.390972 0.187778