199 0.560069 0.195556 0.184028 0.153333
143 0.134722 0.323889 0.161111 0.143333
291 0.674653 0.305556 0.418750 0.144444
136 0.351736 0.409444 0.271528 0.212222
260 0.535417 0.112778 0.168056 0.145556
245 0.466667 0.326667 0.147222 0.262222
22 0.152083 0.221111 0.033333 0.053333
206 0.140278 0.066667 0.243056 0.077778
153 0.570139 0.475556 0.347222 0.388889
219 0.403472 0.163333 0.097222 0.048889
137 0.604861 0.463889 0.230556 0.172222
164 0.585417 0.294444 0.272222 0.277778
259 0.188194 0.310556 0.166667 0.167778