264 0.581597 0.510000 0.188194 0.208889
155 0.612500 0.400000 0.347222 0.388889
56 0.596875 0.230556 0.185417 0.107778
256 0.379167 0.235556 0.276389 0.168889
92 0.401736 0.504444 0.247917 0.208889
288 0.720486 0.166111 0.438194 0.118889
120 0.190625 0.501111 0.253472 0.222222
127 0.385417 0.189444 0.161111 0.238889
261 0.337153 0.349444 0.202083 0.243333
260 0.389236 0.382222 0.272917 0.237778
116 0.485069 0.170556 0.153472 0.150000
307 0.371875 0.312222 0.252083 0.171111
40 0.257639 0.277778 0.243056 0.077778
225 0.134028 0.118889 0.097222 0.048889
7 0.327083 0.720000 0.173611 0.555556
269 0.169792 0.539444 0.263194 0.203333