249 0.405903 0.277222 0.156250 0.230000
156 0.223611 0.587778 0.347222 0.388889
185 0.209028 0.150556 0.191667 0.236667
147 0.561806 0.694444 0.334722 0.535556
53 0.117708 0.317778 0.204861 0.066667
61 0.170486 0.439444 0.267361 0.083333
146 0.229514 0.193889 0.265972 0.190000
269 0.535764 0.292778 0.175694 0.190000
301 0.279514 0.340556 0.263194 0.232222
130 0.375347 0.266667 0.175694 0.146667
230 0.132639 0.484444 0.222222 0.422222
101 0.485764 0.292778 0.143750 0.183333
312 0.405903 0.440556 0.202083 0.276667
287 0.581944 0.358333 0.427778 0.127778
221 0.210417 0.317778 0.158333 0.224444
70 0.159028 0.323333 0.229167 0.211111
6 0.213542 0.260000 0.346528 0.080000
17 0.410764 0.144444 0.477083 0.104444
145 0.553472 0.165000 0.191667 0.232222
165 0.452083 0.097222 0.262500 0.132222
60 0.256250 0.423889 0.256944 0.092222
29 0.459028 0.332222 0.075000 0.051111
282 0.394792 0.253333 0.552083 0.155556