104 0.626389 0.332222 0.255556 0.142222
43 0.567361 0.291111 0.243056 0.077778
273 0.257292 0.531111 0.145139 0.206667
74 0.293750 0.184444 0.486111 0.266667
276 0.555208 0.500556 0.352083 0.116667
13 0.692708 0.453889 0.367361 0.103333
145 0.465625 0.366667 0.220139 0.115556
91 0.363889 0.283889 0.170833 0.114444
202 0.573264 0.210556 0.232639 0.123333
308 0.464236 0.365556 0.147917 0.217778
97 0.561458 0.466667 0.147917 0.115556
158 0.661806 0.423333 0.347222 0.388889
155 0.506250 0.626667 0.347222 0.388889
10 0.234375 0.492222 0.295139 0.100000
33 0.485417 0.458889 0.097222 0.048889
187 0.328125 0.222222 0.210417 0.231111
240 0.495486 0.251111 0.240972 0.122222
127 0.503472 0.320556 0.262500 0.132222
168 0.367361 0.420556 0.162500 0.183333
46 0.157639 0.290000 0.188889 0.084444
249 0.288889 0.377222 0.138889 0.114444
35 0.438889 0.068889 0.097222 0.048889